nan,117.5681,117.6942,117.8202,117.9463,118.0724,118.1985,118.3245,118.4506,118.5767,118.7028,118.8289,118.9549,119.0810,119.2071,119.3332,119.4592,119.5853,119.7114,119.8375,119.9635,120.0896,120.2157,120.3418,120.4678,120.5939,120.7200,120.8461,120.9722,121.0982,121.2243,121.3504,121.4765,121.6025,121.7286,121.8547,121.9808,122.1068,122.2329,122.3590,122.4851,122.6111,122.7372,122.8633,122.9894,123.1155,123.2415,123.3676,123.4937,123.6198,123.7458,123.8719,123.9980,124.1241,124.2501,124.3762,124.5023,124.6284,124.7545,124.8805,125.0066,125.1327,125.2588,125.3848,125.5109,125.6370,125.7631,125.8891,126.0152,126.1413,126.2674,126.3934,126.5195,126.6456,126.7717,126.8978,127.0238,127.1499,127.2760,127.4021,127.5281,127.6542,127.7803,127.9064,128.0324,128.1585,128.2846,128.4107,128.5368,128.6628,128.7889,128.9150,129.0411,129.1671,129.2932,129.4193,129.5454,129.6714,129.7975,129.9236,130.0497,130.1757,130.3018,130.4279,130.5540,130.6801,130.8061,130.9322,131.0583,131.1844,131.3104,131.4365,131.5626,131.6887,131.8147,131.9408,132.0669,132.1930,132.3191,132.4451,132.5712,132.6973,132.8234,132.9494,133.0755,133.2016,133.3277,133.4537,133.5798,133.7059,133.8320,133.9581,134.0841,134.2102,134.3363,134.4624,134.5884,134.7145,134.8406,134.9667,135.0927,135.2188,135.3449,135.4710,135.5971,135.7231,135.8492,135.9753,136.1014,136.2274,136.3535,136.4796,136.6057,136.7317,136.8578,136.9839,137.1100,137.2361,137.3621,137.4882,137.6143,137.7404,137.8664,137.9925,138.1186,138.2447,138.3707,138.4968,138.6229,138.7490,138.8751,139.0011,139.1272,139.2533,139.3794,139.5054,139.6315,139.7576,139.8837,140.0097,140.1358,140.2619,140.3880,140.5140,140.6401,140.7662,140.8923,141.0184,141.1444,141.2705,141.3966,141.5227,141.6487,141.7748,141.9009,142.0270,142.1530,142.2791,142.4052,142.5313,142.6574,142.7834,142.9095,143.0356,143.1617,143.2877,143.4138,143.5399,143.6660,143.7920,143.9181,144.0442,144.1703,144.2963,144.4224,144.5485,144.6746,144.8007,144.9267,145.0528,145.1789,145.3050,145.4310,145.5571,145.6832,145.8093,145.9353,146.0614,146.1875,146.3136,146.4396,146.5657,146.6918,146.8179,146.9440,147.0700,147.1961,147.3222,147.4483,147.5743,147.7004,147.8265,147.9526,148.0786,148.2047,148.3308,148.4569,148.5829,148.7090,148.8351,148.9612,149.0872,149.2133,149.3394,149.4655,149.5916,149.7176,149.8437,149.9698,150.0959,150.2219,150.3480,150.4741,150.6002,150.7262,150.8523,150.9784,151.1045,151.2305,151.3566,151.4827,151.6088,151.7348,151.8609,151.9870,152.1131,152.2392,152.3652,152.4913,152.6174,152.7435,152.8695,152.9956,153.1217,153.2478,153.3738,153.4999,153.6260,153.7521,153.8781,154.0042,154.1303,154.2564,154.3824,154.5085,154.6346,154.7607,154.8868,155.0128,155.1389,155.2650,155.3911,155.5171,155.6432,155.7693,155.8954,156.0214,156.1475,156.2736,156.3997,156.5257,156.6518,156.7779,156.9040,157.0300,157.1561,157.2822,157.4083,157.5344,157.6604,157.7865,157.9126,158.0387,158.1647,158.2908,158.4169,158.5430,158.6690,158.7951,158.9212,159.0473,159.1733,159.2994,159.4255,159.5516,159.6777,159.8037,159.9298
7.4361,0.0000,0.0000,0.0000,0.0000,0.0000,0.0000,0.0000,0.0000,0.0000,2.7026,100.0288,114.5756,115.2828,115.4445,114.3227,111.6696,109.0217,106.3482,103.5908,100.8890,98.2526,95.5619,92.9386,90.2902,87.6225,84.9324,82.2430,79.6669,76.9832,74.4000,71.7688,69.2912,66.6806,63.9385,61.6506,58.9538,56.5777,53.7376,51.8691,50.0353,46.4162,38.6462,13.1123,36.1879,37.6126,34.4079,32.0854,24.6701,3.3339,0.4942,0.0489,0.0000,3.6811,13.2346,-0.0385,0.0000,0.0000,0.0000,0.0000,0.0000,0.0000,0.0000,0.0000,0.0000,0.0000,0.0000,0.0000,0.0000,0.0000,0.0000,0.0000,0.0000,0.0000,0.0000,0.0000,0.0000,0.0000,0.0000,0.0000,0.0000,0.0000,0.0000,0.0000,0.0000,0.0000,0.0000,0.0000,0.0000,0.0000,0.0000,0.0000,0.0000,0.0000,0.0000,0.0000,0.0000,0.0000,0.0000,0.0000,0.0000,0.0000,0.0000,0.0000,0.0000,0.0000,0.0000,0.0000,0.0000,0.0000,0.0000,0.0000,0.0000,0.0000,0.0000,0.0000,0.0000,0.0000,0.0000,0.0000,0.0000,0.0000,0.0000,0.0000,0.0000,0.0000,0.0000,0.0000,0.0000,0.0000,0.0000,0.0000,0.0000,0.0000,0.0000,0.0000,0.0000,0.0000,0.0000,0.0000,0.0000,0.0000,0.0000,0.0000,0.0000,0.0000,0.0000,0.0000,0.0000,0.0000,0.0000,0.0000,0.0000,0.0000,0.0000,0.0000,0.0000,0.0000,0.0000,0.0000,0.0000,0.0000,0.0000,0.0000,0.0000,0.0000,0.0000,0.0000,0.0000,0.0000,0.0000,0.0000,0.0000,0.0000,0.0000,0.0000,0.0000,0.0000,0.0000,0.0000,0.0000,0.0000,0.0000,0.0000,0.0000,0.0000,0.0000,0.0000,0.0000,0.0000,0.0000,0.0000,0.0000,0.0000,0.0000,0.0000,0.0000,0.0000,0.0000,0.0000,0.0000,0.0000,0.0000,0.0000,0.0000,0.0000,0.0000,0.0000,0.0000,0.0000,0.0000,0.0000,0.0000,0.0000,0.0000,0.0000,0.0000,0.0000,0.0000,0.0000,0.0000,0.0000,0.0000,0.0000,0.0000,0.0000,0.0000,0.0000,0.0000,0.0000,0.0000,0.0000,0.0000,0.0000,0.0000,0.0000,0.0000,0.0000,0.0000,0.0000,0.0000,0.0000,0.0000,0.0000,0.0000,0.0000,0.0000,0.0000,0.0000,0.0000,0.0000,0.0000,0.0000,0.0000,0.0000,0.0000,0.0000,0.0000,0.0000,0.0000,0.0000,0.0000,0.0000,0.0000,0.0000,0.0000,0.0000,0.0000,0.0000,0.0000,0.0000,0.0000,0.0000,0.0000,0.0000,0.0000,0.0000,0.0000,0.0000,0.0000,0.0000,0.0000,0.0000,0.0000,0.0000,0.0000,0.0000,0.0000,0.0000,0.0000,0.0000,0.0000,0.0000,0.0000,0.0000,0.0000,0.0000,0.0000,0.0000,0.0000,0.0000,0.0000,0.0000,0.0000,0.0000,0.0000,0.0000,0.0000,0.0000,0.0000,0.0000,0.0000,0.0000,0.0000,0.0000,0.0000,0.0000,0.0000,0.0000,0.0000,0.0000,0.0000,0.0000,0.0000,0.0000,0.0000,0.0000,0.0000,0.0000,0.0000,0.0000,0.0000,0.0000,0.0000,0.0000,0.0000,0.0000,0.0000
7.3079,0.0000,0.0000,0.0000,0.0000,0.0000,0.0000,0.0000,0.0000,0.0000,2.7713,-9.8628,0.0092,-0.0102,-0.0176,1.2147,4.0353,6.8236,9.6374,12.3583,15.1834,17.8482,20.5669,23.2175,25.9529,28.7276,31.3786,34.0245,36.7516,39.4325,42.0854,44.6835,47.3488,50.0076,52.4934,55.2538,57.6892,60.3598,62.5855,65.8475,68.8676,70.6048,67.6620,48.8610,72.0137,82.7439,84.3701,85.9900,77.3613,32.8462,23.7237,22.0627,21.3512,33.2871,65.3848,19.5609,19.1858,18.6551,18.1289,17.6024,17.0708,16.5531,16.0302,15.5132,14.9853,14.4650,13.9398,13.4388,12.9329,12.4292,11.9213,11.4190,10.9190,10.4197,9.9255,9.4304,8.9444,8.4544,7.9646,7.4821,7.0017,6.5205,6.0407,5.5615,5.0883,4.6185,4.1491,3.6826,3.2190,2.7575,2.2975,1.8397,1.3844,0.9315,0.4805,0.0485,0.0000,0.0000,0.0000,0.0000,0.0000,0.0000,0.0000,0.0000,0.0000,0.0000,0.0000,0.0000,0.0000,0.0000,0.0000,0.0000,0.0000,0.0000,0.0000,0.0000,0.0000,0.0000,0.0000,0.0000,0.0000,0.0000,0.0000,0.0000,0.0000,0.0000,0.0000,0.0000,0.0000,0.0000,0.0000,0.0000,0.0000,0.0000,0.0000,0.0000,0.0000,0.0000,0.0000,0.0000,0.0000,0.0000,0.0000,0.0000,0.0000,0.0000,0.0000,0.0000,0.0000,0.0000,0.0000,0.0000,0.0000,0.0000,0.0000,0.0000,0.0000,0.0000,0.0000,0.0000,0.0000,0.0000,0.0000,0.0000,0.0000,0.0000,0.0000,0.0000,0.0000,0.0000,0.0000,0.0000,0.0000,0.0000,0.0000,0.0000,0.0000,0.0000,0.0000,0.0000,0.0000,0.0000,0.0000,0.0000,0.0000,0.0000,0.0000,0.0000,0.0000,0.0000,0.0000,0.0000,0.0000,0.0000,0.0000,0.0000,0.0000,0.0000,0.0000,0.0000,0.0000,0.0000,0.0000,0.0000,0.0000,0.0000,0.0000,0.0000,0.0000,0.0000,0.0000,0.0000,0.0000,0.0000,0.0000,0.0000,0.0000,0.0000,0.0000,0.0000,0.0000,0.0000,0.0000,0.0000,0.0000,0.0000,0.0000,0.0000,0.0000,0.0000,0.0000,0.0000,0.0000,0.0000,0.0000,0.0000,0.0000,0.0000,0.0000,0.0000,0.0000,0.0000,0.0000,0.0000,0.0000,0.0000,0.0000,0.0000,0.0000,0.0000,0.0000,0.0000,0.0000,0.0000,0.0000,0.0000,0.0000,0.0000,0.0000,0.0000,0.0000,0.0000,0.0000,0.0000,0.0000,0.0000,0.0000,0.0000,0.0000,0.0000,0.0000,0.0000,0.0000,0.0000,0.0000,0.0000,0.0000,0.0000,0.0000,0.0000,0.0000,0.0000,0.0000,0.0000,0.0000,0.0000,0.0000,0.0000,0.0000,0.0000,0.0000,0.0000,0.0000,0.0000,0.0000,0.0000,0.0000,0.0000,0.0000,0.0000,0.0000,0.0000,0.0000,0.0000,0.0000,0.0000,0.0000,0.0000,0.0000,0.0000,0.0000,0.0000,0.0000,0.0000,0.0000,0.0000,0.0000,0.0000,0.0000,0.0000,0.0000,0.0000,0.0000,0.0000,0.0000,0.0000,0.0000,0.0000,0.0000,0.0000,0.0000,0.0000,0.0000,0.0000,0.0000,0.0000,0.0000,0.0000
7.1797,0.0000,0.0000,0.0000,0.0000,0.0000,0.0000,0.0000,0.0000,0.0000,2.3025,-12.3223,0.0533,0.0338,0.0241,0.0448,0.0547,0.0479,-0.0191,0.0210,-0.0014,0.0115,-0.0074,-0.0040,0.0147,0.0433,0.0561,0.0023,0.0393,0.1066,0.1154,0.0737,0.0361,0.1004,0.1513,0.0836,0.0530,-0.0256,0.0185,-0.2847,-1.2452,0.2055,11.7480,62.3668,-0.8485,-0.6754,1.1537,-2.8796,15.0071,90.7772,93.2268,94.5722,92.9663,76.1529,36.2622,87.5892,85.7899,84.0416,82.3203,80.5845,78.8224,77.1130,75.3857,73.6899,71.9399,70.2225,68.4696,66.8279,65.1697,63.5173,61.8294,60.1668,58.5196,56.8714,55.2435,53.6096,52.0153,50.3989,48.7753,47.1853,45.6072,44.0192,42.4280,40.8358,39.2755,37.7277,36.1772,34.6402,33.1143,31.5967,30.0779,28.5650,27.0621,25.5714,24.0803,22.5683,21.9623,21.5226,21.0938,20.6631,20.2293,19.7957,19.3676,18.9510,18.5404,18.1276,17.7017,17.2920,16.8854,16.4798,16.0735,15.6629,15.2610,14.8675,14.4706,14.0723,13.6781,13.2837,12.8948,12.5137,12.1301,11.7473,11.3685,10.9930,10.6186,10.2494,9.8770,9.5044,9.1378,8.7736,8.4146,8.0585,7.6991,7.3434,6.9921,6.6441,6.2952,5.9476,5.6046,5.2656,4.9245,4.5852,4.2526,3.9196,3.5881,3.2628,2.9379,2.6102,2.2862,1.9696,1.6561,1.3415,1.0285,0.7183,0.4103,0.1050,0.0079,0.0000,0.0000,0.0000,0.0000,0.0000,0.0000,0.0000,0.0000,0.0000,0.0000,0.0000,0.0000,0.0000,0.0000,0.0000,0.0000,0.0000,0.0000,0.0000,0.0000,0.0000,0.0000,0.0000,0.0000,0.0000,0.0000,0.0000,0.0000,0.0000,0.0000,0.0000,0.0000,0.0000,0.0000,0.0000,0.0000,0.0000,0.0000,0.0000,0.0000,0.0000,0.0000,0.0000,0.0000,0.0000,0.0000,0.0000,0.0000,0.0000,0.0000,0.0000,0.0000,0.0000,0.0000,0.0000,0.0000,0.0000,0.0000,0.0000,0.0000,0.0000,0.0000,0.0000,0.0000,0.0000,0.0000,0.0000,0.0000,0.0000,0.0000,0.0000,0.0000,0.0000,0.0000,0.0000,0.0000,0.0000,0.0000,0.0000,0.0000,0.0000,0.0000,0.0000,0.0000,0.0000,0.0000,0.0000,0.0000,0.0000,0.0000,0.0000,0.0000,0.0000,0.0000,0.0000,0.0000,0.0000,0.0000,0.0000,0.0000,0.0000,0.0000,0.0000,0.0000,0.0000,0.0000,0.0000,0.0000,0.0000,0.0000,0.0000,0.0000,0.0000,0.0000,0.0000,0.0000,0.0000,0.0000,0.0000,0.0000,0.0000,0.0000,0.0000,0.0000,0.0000,0.0000,0.0000,0.0000,0.0000,0.0000,0.0000,0.0000,0.0000,0.0000,0.0000,0.0000,0.0000,0.0000,0.0000,0.0000,0.0000,0.0000,0.0000,0.0000,0.0000,0.0000,0.0000,0.0000,0.0000,0.0000,0.0000,0.0000,0.0000,0.0000,0.0000,0.0000,0.0000,0.0000,0.0000,0.0000,0.0000,0.0000,0.0000,0.0000,0.0000,0.0000,0.0000,0.0000,0.0000,0.0000,0.0000,0.0000,0.0000,0.0000,0.0000,0.0000,0.0000,0.0000,0.0000,0.0000,0.0000
7.0515,0.0000,0.0000,0.0000,0.0000,0.0000,0.0000,0.0000,0.0000,0.0000,1.9070,-11.8126,-0.0025,0.0086,0.0133,0.0089,0.0466,-0.0263,-0.0233,-0.0366,0.0150,0.0274,0.0056,-0.0137,0.0227,0.0168,0.0435,0.0223,-0.0116,0.0424,0.0379,-0.0142,-0.0280,-0.0261,0.0002,0.0299,-0.0031,0.0141,-0.0272,0.0224,0.0053,0.0203,0.0229,0.0273,0.0137,-0.0221,-0.0301,-0.0185,-0.0122,-0.0453,0.0008,0.9320,3.3331,4.5489,3.0062,10.3959,12.7109,15.0483,17.4323,19.7591,22.0630,24.3200,26.6070,28.9339,31.2269,33.5219,35.7448,37.9913,40.2741,42.5290,44.6995,46.8780,49.0945,51.2898,53.4785,55.6513,57.8229,59.9886,62.1123,64.2385,66.3815,68.4971,70.5743,72.6426,74.7299,76.7945,78.8536,80.9240,82.9758,85.0331,87.0507,89.0485,91.0489,93.0397,95.0109,96.6455,95.3676,93.9155,92.5072,91.0877,89.6511,88.2172,86.8050,85.4363,84.0910,82.7293,81.3153,79.9615,78.6243,77.2965,75.9641,74.5990,73.2736,71.9829,70.6689,69.3516,68.0511,66.7417,65.4642,64.2189,62.9497,61.6864,60.4394,59.2006,57.9636,56.7552,55.5280,54.2884,53.0798,51.8750,50.7001,49.5394,48.3470,47.1713,46.0159,44.8801,43.7286,42.5761,41.4491,40.3421,39.2100,38.0825,36.9974,35.8987,34.8007,33.7510,32.6922,31.5772,30.4768,29.4531,28.4603,27.4283,26.3858,25.3622,24.3431,23.3406,22.7228,22.3855,22.1061,21.8185,21.5309,21.2505,20.9653,20.6882,20.4043,20.1308,19.8597,19.5917,19.3266,19.0631,18.7971,18.5366,18.2762,18.0180,17.7767,17.5208,17.2645,17.0127,16.7776,16.5335,16.2857,16.0503,15.8165,15.5850,15.3570,15.1296,14.8962,14.6716,14.4520,14.2390,14.0264,13.8091,13.5935,13.3842,13.1746,12.9713,12.7783,12.5770,12.3811,12.1796,11.9849,11.7969,11.6080,11.4202,11.2379,11.0584,10.8866,10.7135,10.5348,10.3595,10.1945,10.0217,9.8616,9.6987,9.5460,9.3929,9.2394,9.0800,8.9277,8.7807,8.6387,8.4937,8.3530,8.2214,8.0863,7.9530,7.8235,7.6957,7.5673,7.4486,7.3304,7.2065,7.0906,6.9786,6.8693,6.7572,6.6522,6.5440,6.4454,6.3493,6.2503,6.1569,6.0640,5.9749,5.8905,5.8079,5.7293,5.6489,5.5697,5.4961,5.4256,5.3546,5.2872,5.2242,5.1619,5.1065,5.0462,4.9926,4.9424,4.8916,4.8449,4.7981,4.7575,4.7201,4.6802,4.6470,4.6164,4.5858,4.5587,4.5344,4.5109,4.4919,4.4720,4.4605,4.4452,4.4376,4.4319,4.4244,4.4231,4.4207,4.4260,4.4293,4.4347,4.4500,4.4585,4.4719,4.4907,4.5094,4.5300,4.5523,4.5788,4.6127,4.6406,4.6752,4.7100,4.7468,4.7890,4.8338,4.8778,4.9290,4.9780,5.0292,5.0856,5.1404,5.1984,5.2599,5.3273,5.3984,5.4702,5.5376,5.6136,5.6878,5.7691,5.8488,5.9352,6.0165,6.1071,6.1942,6.2846,6.3791,6.4820,6.5781,6.6840,6.7856,6.8932,7.0098,7.1207,7.1130,0.7424,0.0000,0.0000,0.0000,0.0000,0.0000,0.0000,0.0000,0.0000,0.0000
6.9233,0.0000,0.0000,0.0000,0.0000,0.0000,0.0000,0.0000,0.0000,0.0000,1.5016,-11.4313,-0.0433,0.0254,0.0107,0.0151,0.0183,0.0630,-0.0283,-0.0220,0.0298,0.0339,0.0182,-0.0123,0.0189,0.0040,0.0070,0.0415,0.0026,0.0018,-0.0038,0.0071,-0.0037,0.0336,-0.0046,0.0204,0.0508,0.0413,0.0242,0.0108,-0.0281,-0.0167,0.0151,0.0470,0.0117,-0.0061,-0.0108,0.0278,0.0688,0.0201,0.0153,0.0289,0.0372,0.0202,0.0281,0.0292,0.0099,-0.0248,-0.0086,0.0107,0.0198,-0.0423,-0.0658,-0.0118,0.0230,0.0482,0.0523,0.0191,0.0550,0.0466,-0.0072,-0.0456,-0.0057,0.0070,0.0210,-0.0013,-0.0272,0.0222,0.0256,0.0020,0.0064,0.0004,0.0097,0.0504,0.0607,0.0059,0.0039,0.0385,0.0184,0.0453,0.0432,0.0259,0.0327,-0.0434,-0.0408,0.4233,2.3145,4.2499,6.1523,8.0420,9.9338,11.8270,13.7154,15.5729,17.4066,19.2323,21.0724,22.8537,24.6656,26.5013,28.3201,30.0787,31.8536,33.6209,35.3412,37.0802,38.8145,40.5114,42.2511,43.9834,45.6514,47.3367,49.0181,50.6662,52.2976,53.9651,55.6183,57.2124,58.8287,60.4070,62.0300,63.6688,65.2153,66.7686,68.3266,69.9148,71.4499,72.9520,74.4794,76.0154,77.4930,78.9555,80.4734,81.9334,83.3625,84.9087,86.4099,87.6957,88.9666,90.4507,92.0247,93.4287,94.7514,96.1208,97.4625,98.8252,98.2818,97.2754,96.3614,95.4145,94.4572,93.5418,92.6059,91.6902,90.7535,89.8594,88.9589,88.0843,87.2222,86.3504,85.4673,84.6172,83.7606,82.9022,82.1163,81.2812,80.4291,79.5865,78.8213,78.0206,77.2006,76.4336,75.6680,74.9107,74.1567,73.4140,72.6339,71.8968,71.1798,70.4873,69.7882,69.0728,68.3606,67.6727,66.9792,66.3166,65.6915,65.0260,64.3916,63.7269,63.0799,62.4643,61.8472,61.2267,60.6339,60.0473,59.4931,58.9332,58.3375,57.7521,57.2206,56.6392,56.1233,55.5924,55.1016,54.6096,54.1174,53.5737,53.0687,52.5908,52.1342,51.6553,51.1926,50.7813,50.3364,49.8967,49.4842,49.0625,48.6369,48.2659,47.8886,47.4662,47.0862,46.7263,46.3787,45.9984,45.6637,45.2979,44.9807,44.6799,44.3477,44.0458,43.7406,43.4483,43.1816,42.9226,42.6814,42.4147,42.1501,41.9144,41.6941,41.4571,41.2392,41.0428,40.8382,40.6780,40.4705,40.3043,40.1517,39.9825,39.8340,39.6747,39.5559,39.4507,39.3078,39.2136,39.1244,39.0273,38.9439,38.8747,38.7991,38.7490,38.6769,38.6609,38.6023,38.5978,38.5976,38.5663,38.5759,38.5673,38.6095,38.6200,38.6379,38.7270,38.7455,38.7940,38.8742,38.9431,39.0125,39.0874,39.1832,39.3266,39.4124,39.5402,39.6571,39.7768,39.9322,40.0992,40.2460,40.4342,40.6019,40.7717,40.9733,41.1523,41.3427,41.5497,41.7904,42.0565,42.3099,42.5212,42.7902,43.0341,43.3208,43.5859,43.8926,44.1514,44.4697,44.7552,45.0509,45.3691,45.7345,46.0456,46.4240,46.7515,47.1209,47.5427,47.9103,47.6041,5.7006,0.0000,0.0000,0.0000,0.0000,0.0000,0.0000,0.0000,0.0000,0.0000
6.7951,0.0000,0.0000,0.0000,0.0000,0.0000,0.0000,0.0000,0.0000,0.0000,1.0950,-11.0209,0.0223,0.0270,0.0067,0.0420,0.0145,0.0430,0.0440,0.0245,0.0005,-0.0137,-0.0280,0.0162,-0.0585,0.0227,0.0014,0.0566,0.0574,0.0331,0.0041,0.0217,-0.0055,0.0595,-0.0112,0.0063,0.0467,0.0139,0.0131,0.0031,0.0103,0.0162,-0.0032,0.0456,0.0301,-0.0008,0.0075,0.0393,0.0571,0.0434,0.0411,-0.0128,-0.0443,-0.0099,-0.0017,-0.0048,0.0265,0.0236,0.0156,0.0097,0.0361,0.0409,0.0049,0.0726,0.0820,0.0259,0.0405,0.0265,0.0077,-0.0065,-0.0033,-0.0128,0.0175,0.0138,0.0248,-0.0141,-0.0062,0.0252,0.0156,0.0354,0.0417,-0.0200,-0.0022,0.0251,0.0346,0.0251,-0.0223,-0.0267,-0.0446,-0.0419,-0.0265,-0.0117,0.0237,0.0104,0.0185,-0.0006,0.0516,0.0766,0.0206,-0.0181,0.0060,0.0120,0.0204,0.0207,-0.0355,0.0037,0.0327,-0.0190,0.0089,0.0308,0.0060,-0.0093,0.0162,0.0378,0.0130,0.0132,0.0113,-0.0058,0.0212,0.0323,0.0138,0.0309,0.0471,0.0255,-0.0104,-0.0072,0.0340,0.0384,0.0345,-0.0169,-0.0115,0.0479,0.0191,0.0016,-0.0106,0.0128,0.0200,-0.0001,-0.0065,-0.0301,0.0043,0.0462,0.0499,0.0250,-0.0223,0.0315,0.0974,0.0456,-0.0318,-0.0187,0.0445,0.0274,-0.0281,-0.0168,-0.0204,-0.0225,1.3353,2.6464,3.9071,5.1873,6.4104,7.6872,8.9699,10.1792,11.4315,12.6716,13.8296,15.0469,16.2687,17.4195,18.5678,19.7563,20.9141,22.0164,23.1137,24.2837,25.3980,26.4519,27.5173,28.6168,29.7026,30.7767,31.8303,32.8827,33.8799,34.9142,35.8907,36.8937,37.8943,38.8767,39.8131,40.7740,41.7257,42.6619,43.5716,44.5013,45.3981,46.2767,47.1951,48.0895,48.9258,49.7648,50.6277,51.4499,52.2840,53.1037,53.9083,54.7177,55.4768,56.2162,57.0015,57.7139,58.4699,59.2236,59.9417,60.6709,61.4140,62.0323,62.6899,63.3752,64.0448,64.6887,65.3115,65.9901,66.5840,67.1602,67.8075,68.3619,68.9260,69.5348,70.1114,70.5948,71.1172,71.6415,72.1863,72.6318,73.1468,73.5943,74.0470,74.5481,74.9590,75.3913,75.8138,76.2046,76.6195,77.0480,77.4744,77.8193,78.1605,78.5148,78.8820,79.1795,79.4996,79.8270,80.0979,80.4342,80.6686,80.9530,81.2301,81.4387,81.6650,81.8536,82.1065,82.3515,82.4645,82.6896,82.8608,83.0194,83.1607,83.3189,83.4387,83.5783,83.6352,83.7692,83.7999,83.9243,84.0319,84.0364,84.0927,84.1143,84.1992,84.1737,84.1587,84.2540,84.1792,84.1408,84.1341,84.0842,83.9939,83.9085,83.8302,83.7992,83.6600,83.5684,83.4208,83.2433,83.1283,83.0266,82.8446,82.6814,82.5043,82.2844,82.1050,81.8645,81.6067,81.3427,81.1192,80.9531,80.6970,80.3487,80.1026,79.7719,79.4929,79.1448,78.8630,78.4691,78.1546,77.7705,77.3525,76.9648,76.6171,76.1740,75.8439,75.3438,74.9466,74.5952,74.0983,73.0944,13.2832,0.0000,0.0000,0.0000,0.0000,0.0000,0.0000,0.0000,0.0000,0.0000
6.6669,0.0000,0.0000,0.0000,0.0000,0.0000,0.0000,0.0000,0.0000,0.0000,0.6935,-10.6025,0.0140,0.0277,-0.0185,0.0083,0.0229,-0.0611,-0.0449,-0.0117,0.0604,0.0423,0.0616,0.0631,-0.0336,0.0360,-0.0010,-0.0081,0.0295,0.0212,0.0325,0.0100,-0.0256,0.0183,0.0097,0.0232,0.0331,0.0366,0.0484,0.0192,0.0029,-0.0202,-0.0045,0.0548,0.0233,-0.0448,-0.0665,-0.0578,0.0021,-0.0060,0.0131,-0.0110,0.0324,0.0421,0.0289,0.0236,0.0538,0.0298,0.0252,0.0114,0.0193,0.0225,-0.0098,0.0137,0.0142,-0.0180,-0.0174,0.0122,-0.0059,0.0109,0.0595,0.0504,0.0516,0.0397,0.0372,0.0407,0.0625,0.0187,-0.0153,0.0249,0.0486,-0.0018,-0.0397,-0.0229,-0.0146,-0.0192,-0.0333,0.0305,0.0451,0.0374,0.0207,-0.0011,0.0295,0.0342,0.0237,-0.0061,0.0096,-0.0077,-0.0363,0.0023,0.0001,0.0131,-0.0246,-0.0430,-0.0420,-0.0050,0.0326,0.0166,0.0335,0.0084,-0.0265,-0.0175,-0.0108,0.0316,0.0388,0.0289,0.0166,-0.0028,0.0287,0.0085,-0.0076,0.0191,0.0412,0.0296,0.0019,-0.0003,0.0173,0.0355,0.0173,-0.0134,0.0013,0.0414,-0.0086,-0.0302,-0.0065,0.0138,0.0184,-0.0129,-0.0487,-0.0658,0.0023,0.0858,0.0896,0.0564,0.0207,0.0187,0.0094,-0.0334,-0.0204,0.0207,0.0272,0.0322,0.0324,-0.0170,-0.0362,-0.0100,0.0025,0.0024,0.0035,0.0285,-0.0077,-0.0148,0.0222,0.0032,0.0175,0.0345,-0.0080,-0.0176,-0.0107,-0.0062,0.0074,0.0186,0.0115,-0.0098,-0.0415,-0.0256,0.0535,0.0527,-0.0181,-0.0065,0.0276,0.0104,0.0063,0.0380,0.0488,0.0388,0.0154,0.0013,0.0112,0.0239,-0.0114,-0.0236,0.0043,0.0253,0.0187,0.0100,-0.0070,-0.0010,0.0171,0.0458,0.0467,0.0081,0.0260,0.0357,0.0069,0.0389,0.0093,0.0076,0.0060,-0.0020,0.0258,0.0188,0.0224,0.0550,0.0146,0.0178,0.0345,-0.0002,-0.0011,0.0354,0.0065,0.0489,0.0383,0.0343,0.0160,-0.0306,0.0311,0.0009,0.0336,0.0171,0.0272,0.0038,0.0408,-0.0304,0.0079,0.0086,0.0159,0.0569,-0.0161,0.0343,0.0219,-0.0055,0.0244,0.0003,-0.0296,-0.0109,0.0003,0.0028,0.0241,0.0235,0.0540,0.0293,0.0341,0.0452,0.0178,-0.0009,0.0313,0.0225,0.0311,0.0007,-0.0117,0.0075,0.0480,0.0476,-0.0125,0.0486,-0.0167,0.0059,-0.0054,0.0132,0.0514,0.0558,0.0325,-0.0046,-0.0083,-0.0026,0.0162,0.0135,-0.0257,0.0345,0.0313,-0.0072,0.0414,0.0079,0.0284,0.0343,0.0446,0.0268,-0.0069,0.0312,0.0531,-0.0302,0.0182,0.0148,0.0031,-0.0326,-0.0329,0.0158,0.0489,-0.0635,-0.0064,0.0094,0.0171,0.0621,0.0646,0.0155,-0.0059,0.0310,-0.0189,-0.0411,0.0039,0.0077,0.0141,-0.0356,-0.0089,0.0230,0.0219,0.0407,0.0003,-0.0081,-0.0344,0.0110,0.0506,-0.0523,0.0254,0.0234,-0.0518,0.7984,13.4348,0.0017,0.0000,0.0000,0.0000,0.0000,0.0000,0.0000,0.0000,0.0000
6.5387,0.0000,0.0000,0.0000,0.0000,0.0000,0.0000,0.0000,0.0000,0.0000,0.2958,-10.1771,-0.0251,-0.0652,0.0248,0.1146,0.0614,0.0385,0.0254,0.0067,-0.0241,0.0090,0.0162,0.0083,0.0006,0.0473,0.0385,-0.0213,-0.0165,-0.0271,0.0261,0.0363,0.0219,0.0058,0.0286,0.0285,-0.0056,0.0005,0.0213,-0.0080,-0.0307,-0.0439,-0.0462,-0.0035,0.0757,0.0345,0.0224,-0.0096,-0.0289,0.0022,0.0101,0.0330,0.0742,0.0717,-0.0074,-0.0264,0.0191,0.0205,-0.0005,0.0082,-0.0133,-0.0170,-0.0094,0.0053,0.0210,0.0001,-0.0001,0.0266,0.0241,0.0458,0.0475,0.0076,-0.0194,0.0018,0.0266,0.0528,0.0570,-0.0344,-0.0740,-0.0187,0.0181,0.0316,0.0087,0.0159,0.0479,0.0398,0.0150,0.0443,0.0623,0.0323,0.0204,-0.0009,0.0019,-0.0155,-0.0513,-0.0618,-0.0135,-0.0127,-0.0380,-0.0088,-0.0066,0.0302,0.0260,0.0140,0.0028,0.0132,0.0348,0.0010,-0.0057,-0.0141,0.0055,0.0291,-0.0136,0.0081,0.0545,0.0554,0.0147,0.0057,0.0235,-0.0175,-0.0422,-0.0013,0.0170,0.0131,0.0014,-0.0082,0.0024,0.0044,-0.0198,-0.0085,0.0504,0.0668,0.0156,-0.0093,0.0245,0.0698,0.0667,0.0310,-0.0173,-0.0298,-0.0076,0.0556,0.0762,0.0547,0.0054,-0.0174,-0.0492,-0.1057,-0.0688,0.0795,0.0959,0.0362,0.0114,0.0351,0.0398,0.0289,0.0137,0.0186,0.0416,0.0381,0.0034,-0.0278,0.0066,-0.0097,-0.0222,0.0240,-0.0073,-0.0037,0.0046,-0.0182,0.0132,0.0272,-0.0394,-0.0097,-0.0145,-0.0011,0.0525,0.1043,0.0317,0.0115,0.0404,0.0152,-0.0026,0.0147,0.0118,-0.0193,-0.0023,-0.0126,-0.0247,0.0251,0.0354,0.0001,-0.0021,0.0240,0.0498,0.0172,0.0056,0.0304,0.0349,-0.0000,-0.0018,-0.0180,-0.0088,0.0210,-0.0131,0.0292,0.0110,-0.0056,0.0057,0.0125,0.0426,-0.0016,0.0470,0.0436,0.0255,0.0480,0.0268,-0.0144,-0.0005,0.0342,-0.0071,0.0229,0.0330,0.0239,0.0119,-0.0102,-0.0008,0.0348,0.0246,-0.0127,0.0131,-0.0306,0.0864,-0.0494,-0.0284,0.0298,-0.0070,-0.0002,0.0058,0.0422,0.0429,0.0261,-0.0009,0.0360,0.0368,-0.0017,-0.0011,0.0512,0.0152,0.0317,0.0722,0.0375,-0.0275,-0.0045,0.0256,0.0386,0.0461,-0.0239,0.0258,0.0081,0.0289,0.0626,0.0618,0.0202,0.0158,0.0575,0.0253,0.0022,0.0378,0.0154,0.0231,-0.0021,-0.0445,0.0149,0.0296,0.0252,0.0365,0.0565,0.0407,0.0617,0.0195,-0.0031,0.0756,0.0146,0.0267,-0.0039,0.0875,-0.0147,-0.0237,-0.0063,0.0482,0.0262,0.0356,-0.0079,-0.0023,0.0038,-0.0058,-0.0117,0.0110,-0.0349,-0.0464,-0.0173,-0.0132,0.0275,0.0531,0.0022,0.0516,-0.0160,-0.0303,-0.0399,-0.0054,0.0362,0.0666,-0.0128,-0.0206,0.0477,0.0307,-0.0164,-0.0274,-0.0468,-0.0180,0.0776,0.0325,-0.0351,0.0374,0.0273,-0.0176,0.4022,13.8596,0.0212,0.0000,0.0000,0.0000,0.0000,0.0000,0.0000,0.0000,0.0000
6.4104,0.0000,0.0000,0.0000,0.0000,0.0000,0.0000,0.0000,0.0000,0.0000,-0.1009,-9.7451,0.0292,0.0065,0.0486,0.0473,0.0252,-0.0649,-0.0047,0.0066,-0.0410,0.0195,0.0010,0.0059,0.0187,0.0314,0.0525,0.0399,0.0066,-0.0024,0.0194,0.0244,0.0155,-0.0202,-0.0048,0.0117,0.0044,-0.0058,-0.0069,-0.0202,0.0418,0.0539,0.0128,-0.0036,0.0117,0.0332,0.0569,0.0658,0.0637,0.0271,0.0525,0.0487,0.0291,0.0324,-0.0255,-0.0251,0.0212,-0.0200,-0.0222,0.0429,0.0585,0.0738,0.0620,0.0200,0.0267,-0.0211,-0.0053,0.0148,0.0026,0.0086,0.0124,-0.0033,-0.0478,-0.0243,-0.0071,0.0245,0.0353,-0.0131,0.0071,0.0682,0.0615,0.0809,0.0565,-0.0109,-0.0168,-0.0135,-0.0147,0.0027,-0.0043,-0.0124,-0.0078,0.0048,-0.0087,-0.0086,-0.0248,0.0346,0.1054,0.0723,0.0256,0.0078,-0.0065,-0.0320,0.0200,0.0478,0.0151,0.0120,0.0276,0.0382,0.0268,-0.0055,0.0193,0.0324,-0.0051,-0.0220,0.0171,0.0179,-0.0037,0.0056,0.0027,-0.0178,-0.0248,0.0049,0.0098,0.0110,0.0429,0.0195,0.0205,0.0165,-0.0076,-0.0041,0.0351,0.0680,0.0370,0.0100,0.0174,0.0371,-0.0049,-0.0128,0.0138,0.0321,0.0335,0.0269,0.0408,0.0522,-0.0285,-0.0642,-0.0692,-0.0326,0.0585,0.1280,0.1009,-0.0249,-0.0099,0.0374,-0.0153,-0.0215,-0.0163,-0.0433,-0.0079,0.0093,0.0555,0.0590,0.0176,-0.0016,0.0103,0.0249,0.0114,0.0003,-0.0232,-0.0226,0.0127,0.0282,0.0124,0.0067,0.0144,0.0259,0.0080,0.0518,-0.0124,0.0008,0.0338,-0.0033,0.0105,-0.0211,-0.0415,-0.0023,0.0267,-0.0124,-0.0103,0.0477,0.0614,0.0080,-0.0096,0.0215,0.0304,0.0091,0.0054,0.0171,0.0447,0.0214,-0.0202,-0.0215,0.0083,0.0093,0.0271,0.0391,0.0179,0.0056,0.0298,0.0370,0.0093,-0.0485,0.0243,0.0365,-0.0376,-0.0092,0.0283,-0.0133,0.0056,0.0340,-0.0042,-0.0153,0.0184,0.0366,-0.0135,-0.0104,0.0043,0.0284,-0.0235,-0.0003,0.0286,-0.0021,0.0486,-0.0013,-0.0103,0.0115,0.0152,-0.0242,0.0245,-0.0499,0.0268,0.0679,0.0008,0.0258,0.0291,0.0285,0.0202,0.0176,-0.0127,0.0032,0.0243,0.0334,-0.0082,-0.0056,0.0258,0.0513,0.0089,0.0152,0.0292,0.0050,-0.0067,0.0596,0.0115,0.0124,0.0084,0.0019,-0.0316,0.0204,0.0483,0.0150,-0.0150,-0.0219,0.0217,0.0150,0.0357,0.0436,-0.0010,0.0078,-0.0189,0.0784,0.0063,-0.0278,0.0344,-0.0015,-0.0071,-0.0356,0.0045,0.0140,0.0379,0.0120,-0.0242,-0.0014,0.0200,-0.0373,-0.0052,0.0165,0.0420,0.0543,-0.0372,0.0307,0.0189,-0.0291,0.0084,0.0601,0.0948,0.0255,0.0282,-0.0293,-0.0779,-0.0155,-0.0238,0.0674,0.0269,0.0161,-0.0809,-0.0226,0.0003,-0.0213,-0.0102,-0.0012,0.0016,0.0314,0.0066,-0.0055,-0.0147,0.0463,0.0292,0.1767,14.0827,0.0848,0.0000,0.0000,0.0000,0.0000,0.0000,0.0000,0.0000,0.0000
6.2822,0.0000,0.0000,0.0000,0.0000,0.0000,0.0000,0.0000,0.0000,0.0000,-0.4854,-9.3049,0.0024,-0.0334,-0.0025,0.0456,0.0274,-0.0285,0.0458,0.0473,0.0021,0.0375,0.0602,0.0493,0.0141,0.0028,-0.0084,0.0069,-0.0096,-0.0072,0.0054,-0.0236,-0.0196,-0.0205,-0.0023,0.0489,0.0562,0.0331,-0.0030,-0.0342,0.0503,0.0751,0.0075,-0.0220,0.0060,0.0180,0.0244,0.0157,-0.0094,-0.0519,-0.0163,0.0111,-0.0291,0.0263,0.0874,0.0721,0.0631,0.0564,-0.0061,0.0074,0.0026,0.0186,0.0232,-0.0175,-0.0454,-0.0372,0.0018,0.0121,0.0099,0.0300,0.0697,0.0359,0.0166,0.0232,-0.0186,-0.0086,0.0022,-0.0081,-0.0030,0.0326,0.0235,0.0156,0.0170,-0.0274,-0.0444,-0.0159,0.0054,-0.0069,-0.0318,-0.0134,0.0516,0.0355,0.0117,0.0460,0.0727,0.0248,-0.0138,0.0251,0.0263,-0.0004,-0.0098,0.0081,0.0703,0.0621,0.0087,-0.0181,0.0007,0.0106,-0.0105,-0.0082,-0.0066,0.0195,0.0299,-0.0171,-0.0084,0.0145,0.0065,0.0057,0.0188,0.0182,0.0148,0.0101,-0.0011,-0.0226,0.0465,0.0492,0.0120,0.0259,0.0247,-0.0168,-0.0058,0.0039,-0.0382,-0.0181,0.0226,0.0360,-0.0023,-0.0137,0.0083,0.0164,0.0795,0.1158,0.0220,-0.0146,-0.0539,-0.0955,-0.0617,-0.0258,0.0499,0.0974,0.0729,-0.0122,-0.0572,0.0155,0.0081,0.0340,0.0403,0.0186,0.0224,0.0119,0.0040,0.0188,0.0206,0.0133,-0.0162,0.0115,0.0567,0.0185,-0.0153,0.0020,-0.0027,0.0171,0.0362,0.0006,0.0334,-0.0105,-0.0080,-0.0041,0.0058,0.0429,0.0375,0.0082,0.0046,-0.0084,0.0015,0.0510,0.0321,-0.0146,-0.0138,0.0312,0.0420,0.0128,-0.0180,-0.0049,0.0030,0.0264,0.0193,-0.0165,0.0388,0.0471,0.0038,0.0086,0.0620,0.0336,0.0468,0.0269,0.0054,0.0342,0.0305,0.0166,-0.0005,-0.0426,0.0126,0.0201,-0.0481,-0.0018,0.0164,0.0159,0.0206,0.0564,0.0185,-0.0048,0.0081,0.0019,0.0075,0.0238,0.0057,-0.0143,-0.0117,0.0062,0.0294,-0.0025,0.0222,0.0066,-0.0046,0.0124,0.0294,-0.0602,0.0064,-0.0285,0.0266,0.0252,-0.0140,0.0231,-0.0224,0.0128,0.0326,0.0081,0.0234,0.0372,0.0124,-0.0102,-0.0153,0.0197,0.0087,0.0590,0.0026,0.0068,0.0123,0.0439,0.0019,0.0087,-0.0095,-0.0043,0.0224,0.0334,-0.0239,0.0131,-0.0174,-0.0294,0.0267,-0.0142,0.0369,0.0151,-0.0112,0.0189,0.0022,0.0201,0.0088,0.0509,0.0335,0.0142,-0.0138,-0.0053,0.0014,0.0086,-0.0022,0.0853,0.0202,-0.0171,-0.0242,-0.0395,0.0075,-0.0058,0.0548,0.0444,0.0329,0.0672,0.0154,0.0139,0.0205,-0.0366,0.0294,0.0839,0.0898,-0.0152,-0.0530,0.0236,-0.0824,0.0049,0.0478,0.0678,0.0333,-0.0167,-0.0352,-0.0040,0.0106,0.0085,0.0050,-0.0152,-0.0330,0.0734,-0.0400,-0.0436,0.0013,0.0054,0.0529,0.7331,13.8404,0.1475,0.0000,0.0000,0.0000,0.0000,0.0000,0.0000,0.0000,0.0000
6.1540,0.0000,0.0000,0.0000,0.0000,0.0000,0.0000,0.0000,0.0000,0.0000,-0.8997,-8.9137,0.0604,0.0169,-0.0217,0.0051,0.0238,0.0508,0.0580,-0.0080,-0.0228,0.0095,0.0188,-0.0043,-0.0157,0.0225,0.0106,-0.0090,-0.0324,-0.0066,0.0420,0.0142,-0.0036,0.0025,0.0194,0.0454,0.0198,0.0282,0.0299,-0.0179,0.0213,0.0550,-0.0110,-0.0321,-0.0105,-0.0484,-0.0268,0.0198,0.0196,0.0428,0.0867,0.0656,0.0260,0.0395,0.0336,0.0206,-0.0161,-0.0434,-0.0148,-0.0066,-0.0271,0.0068,0.0602,0.0239,-0.0316,0.0160,0.0214,0.0092,0.0101,0.0490,0.0728,0.0106,0.0120,0.0080,-0.0279,-0.0195,-0.0022,0.0088,0.0067,0.0098,0.0127,0.0119,0.0101,0.0064,-0.0069,-0.0084,0.0216,0.0642,0.0311,-0.0008,0.0411,0.0598,0.0267,0.0034,0.0385,0.0580,0.0452,0.0030,0.0046,0.0159,0.0121,0.0459,0.0289,-0.0169,-0.0121,-0.0005,-0.0045,-0.0075,0.0150,0.0726,0.0466,0.0024,0.0374,0.0271,-0.0029,0.0274,0.0232,-0.0095,0.0206,0.0269,0.0153,0.0117,-0.0066,-0.0418,0.0075,0.0294,0.0016,0.0233,0.0500,0.0080,-0.0094,-0.0013,-0.0041,-0.0035,0.0006,0.0282,0.0398,-0.0113,0.0025,0.0292,0.0552,0.1315,0.0971,-0.0453,-0.0771,-0.1079,-0.0963,-0.0237,0.0381,0.0613,0.0411,0.0030,-0.0135,0.0044,-0.0333,-0.0006,0.0225,0.0310,0.0154,-0.0154,0.0083,-0.0319,0.0382,0.0141,0.0006,-0.0121,0.0301,0.0181,-0.0125,-0.0046,-0.0107,0.0525,0.0714,0.0065,0.0363,0.0358,0.0279,0.0125,0.0150,0.0079,0.0191,-0.0184,0.0273,0.0216,0.0039,0.0368,0.0283,0.0210,0.0008,0.0057,0.0297,0.0303,-0.0223,-0.0299,0.0212,0.0689,0.0203,-0.0232,0.0049,0.0124,0.0096,0.0184,0.0261,0.0457,0.0215,0.0125,-0.0042,0.0245,0.0012,-0.0119,0.0239,-0.0134,0.0113,0.0070,-0.0137,0.0294,0.0269,0.0052,-0.0074,0.0397,0.0129,0.0010,0.0005,0.0137,-0.0102,0.0140,0.0081,-0.0221,-0.0037,-0.0181,-0.0062,-0.0058,0.0200,0.0207,0.0274,0.0307,0.0093,-0.0273,0.0033,0.0302,0.0191,-0.0195,-0.0464,0.0174,0.0413,0.0066,-0.0095,0.0201,0.0187,-0.0103,-0.0106,0.0091,-0.0114,0.0589,0.0007,-0.0103,0.0393,0.0348,-0.0057,0.0619,0.0325,-0.0065,0.0282,-0.0390,0.0214,0.0032,-0.0372,0.0322,-0.0220,-0.0253,0.0075,0.0452,-0.0033,0.0165,-0.0044,0.0370,-0.0054,-0.0399,0.0306,0.0177,0.0089,-0.0171,-0.0172,-0.0070,0.0080,0.0166,0.0155,0.0982,0.0223,0.0447,0.0127,-0.0251,-0.0085,-0.0615,0.0594,-0.0363,-0.0366,0.0322,0.0277,-0.0093,0.0127,-0.0248,0.0258,0.1147,0.0573,-0.0440,-0.0689,-0.0161,-0.0231,0.0188,0.0557,0.0682,0.0265,0.0390,0.0328,0.0665,0.0127,-0.0185,0.0354,-0.0225,-0.0098,0.1085,0.0363,-0.0587,0.0135,0.0456,-0.0074,0.0728,14.0760,0.2149,0.0000,0.0000,0.0000,0.0000,0.0000,0.0000,0.0000,0.0000
6.0258,0.0000,0.0000,0.0000,0.0000,0.0000,0.0000,0.0000,0.0000,0.0000,-1.3053,-8.5040,0.0979,0.0737,0.0238,-0.0411,-0.0407,-0.0098,-0.0194,-0.0164,-0.0038,0.0256,0.0283,0.0133,0.0330,0.0555,0.0347,-0.0116,-0.0061,0.0353,0.0559,0.0491,0.0124,0.0182,0.0099,-0.0086,-0.0272,0.0077,0.0088,-0.0143,0.0185,0.0295,0.0183,0.0475,0.0626,0.0425,0.0396,0.0557,0.0599,0.0317,-0.0194,-0.0301,-0.0012,-0.0419,-0.0373,0.0149,0.0270,0.0187,0.0652,0.0654,0.0281,0.0492,0.0735,0.0399,0.0028,0.0344,0.0176,-0.0119,-0.0176,0.0280,0.0448,0.0185,0.0048,0.0023,0.0185,0.0254,0.0266,0.0138,0.0127,0.0219,0.0431,0.0582,0.0509,0.0035,-0.0041,-0.0064,-0.0060,0.0372,0.0640,0.0353,0.0279,0.0151,0.0213,0.0032,-0.0238,-0.0187,0.0059,-0.0058,0.0106,0.0533,0.0310,0.0072,-0.0190,-0.0194,0.0350,0.0809,0.0909,0.0418,0.0100,0.0625,0.0315,-0.0154,0.0011,0.0328,0.0127,0.0122,0.0382,-0.0037,0.0085,0.0229,0.0271,0.0284,0.0282,0.0110,0.0039,0.0111,0.0016,-0.0069,0.0241,0.0310,0.0042,0.0089,-0.0049,-0.0028,0.0120,0.0024,0.0103,-0.0310,-0.0275,0.0158,0.0039,0.0372,0.0527,0.0255,0.0161,-0.0535,-0.0726,-0.0416,-0.0394,-0.0135,0.0312,0.0445,0.0355,0.0405,0.0306,0.0123,0.0253,0.0271,0.0173,-0.0133,-0.0148,0.0387,0.0345,0.0393,0.0303,-0.0021,0.0423,0.0512,0.0057,0.0002,-0.0187,0.0286,0.0320,-0.0124,0.0033,0.0359,0.0348,0.0020,-0.0160,-0.0004,0.0210,0.0135,0.0372,0.0221,0.0213,0.0220,0.0327,0.0291,0.0343,0.0027,0.0505,0.0231,-0.0029,0.0080,0.0426,0.0108,0.0183,-0.0008,-0.0060,0.0113,0.0331,0.0138,-0.0112,-0.0070,-0.0287,0.0007,0.0072,-0.0002,-0.0163,-0.0209,-0.0121,0.0230,0.0047,0.0060,-0.0011,0.0371,0.0642,0.0135,-0.0409,0.0032,-0.0059,-0.0211,0.0210,0.0296,0.0003,0.0316,0.0320,-0.0068,0.0138,-0.0151,0.0018,-0.0036,0.0146,0.0603,0.0712,0.0728,0.0109,-0.0162,0.0040,0.0688,0.0179,-0.0007,-0.0452,-0.0019,0.0377,-0.0006,0.0009,0.0367,0.0105,-0.0386,0.0283,0.0470,0.0067,0.0671,0.0195,-0.0604,-0.0180,0.0076,-0.0071,0.0508,0.0176,-0.0097,0.0145,-0.0007,0.0107,0.0357,0.0431,0.0842,-0.0023,-0.0055,-0.0051,0.0475,0.0206,0.0026,-0.0094,0.0018,-0.0503,0.0006,0.0552,-0.0141,-0.0096,0.0706,0.0257,0.0508,0.0124,-0.0173,-0.0059,0.0149,-0.0022,0.0117,0.0022,0.0410,0.0030,-0.0510,-0.0355,-0.0063,0.0215,0.0192,0.0349,-0.0239,0.0315,-0.0273,0.0178,0.0502,0.0232,-0.0052,0.0073,-0.0821,0.0119,0.0156,0.0332,0.0835,0.0264,0.0365,0.0264,0.0414,0.0176,0.0419,-0.0061,0.0400,-0.0357,0.0369,0.0612,-0.0037,0.0004,0.0288,-0.0278,0.3240,13.7116,0.2734,0.0000,0.0000,0.0000,0.0000,0.0000,0.0000,0.0000,0.0000
5.8976,0.0000,0.0000,0.0000,0.0000,0.0000,0.0000,0.0000,0.0000,0.0000,-1.6988,-8.1026,0.0191,-0.0386,-0.0193,0.0272,0.0779,0.0662,0.0368,0.0152,-0.0105,0.0102,0.0266,0.0218,0.0111,-0.0047,0.0050,0.0270,0.0164,0.0228,0.0129,0.0283,0.0390,0.0216,0.0164,0.0070,0.0132,0.0267,0.0167,0.0310,0.0681,0.0188,0.0024,0.0312,-0.0004,0.0035,0.0041,0.0132,0.0142,-0.0077,0.0164,-0.0235,0.0084,0.0460,0.0247,0.0238,0.0042,0.0172,0.0587,0.0350,0.0128,0.0089,0.0139,0.0056,-0.0202,-0.0005,0.0230,0.0094,-0.0020,0.0269,0.0422,0.0401,0.0169,0.0010,0.0048,0.0262,0.0299,-0.0379,-0.0303,0.0200,0.0230,0.0423,0.0292,0.0123,0.0379,0.0503,0.0688,0.0279,0.0194,0.0048,-0.0252,-0.0021,-0.0112,-0.0018,-0.0028,-0.0112,-0.0197,0.0001,0.0563,0.0731,0.0315,0.0298,0.0127,-0.0044,0.0187,0.0104,0.0001,-0.0166,-0.0556,0.0164,0.0130,-0.0265,0.0220,0.0698,0.0448,-0.0015,0.0245,0.0125,0.0241,0.0387,0.0324,-0.0068,0.0048,0.0153,-0.0105,0.0055,0.0170,-0.0273,-0.0247,0.0103,0.0117,-0.0081,-0.0454,-0.0243,-0.0156,-0.0058,0.0326,0.0068,-0.0174,0.0265,0.0234,-0.0287,0.0045,0.0255,0.0243,0.0183,0.0060,-0.0188,-0.0109,0.0078,0.0126,0.0582,0.0522,0.0431,0.0281,-0.0461,-0.0189,0.0183,0.0439,0.0507,0.0187,-0.0096,0.0212,0.0259,0.0034,-0.0047,-0.0016,0.0286,-0.0203,0.0030,-0.0103,0.0310,0.0274,0.0288,0.0578,0.0390,0.0359,-0.0040,0.0143,0.0218,0.0334,0.0027,0.0013,0.0040,0.0460,0.0168,0.0553,0.0155,0.0174,-0.0156,0.0216,0.0268,0.0625,0.0313,-0.0082,-0.0418,0.0138,0.0004,0.0060,0.0394,0.0113,0.0129,0.0208,-0.0199,-0.0125,-0.0164,-0.0003,-0.0092,0.0009,0.0031,0.0040,0.0415,0.0037,-0.0214,-0.0287,0.0388,0.0483,-0.0199,-0.0477,-0.0051,0.0331,-0.0000,0.0233,0.0027,0.0073,0.0730,0.0449,0.0070,0.0502,0.0464,0.0245,0.0020,0.0075,0.0138,0.0270,0.0542,-0.0147,-0.0438,0.0134,0.0616,0.0217,0.0641,0.0209,-0.0096,0.0066,0.0065,-0.0120,0.0318,0.0255,-0.0292,0.0156,-0.0450,-0.0179,0.0291,-0.0117,0.0281,0.0168,-0.0075,0.0451,0.0538,0.0410,0.0346,0.0106,0.0516,-0.0318,-0.0108,0.0175,-0.0114,0.0231,0.0084,-0.0014,-0.0051,0.0535,0.0273,0.0231,0.0498,0.0214,-0.0061,0.0095,0.0138,0.0079,-0.0012,0.0141,-0.0256,0.0382,0.0194,-0.0544,0.0389,0.0185,-0.0586,0.0357,0.0588,-0.0557,-0.0062,-0.0046,-0.0081,0.0219,0.0521,0.0412,-0.0377,-0.0047,0.0130,0.0043,0.0209,-0.0023,0.0368,0.0210,-0.0116,-0.0666,-0.0524,0.0050,0.0190,0.0182,0.0085,-0.0080,0.0072,0.0135,0.0348,-0.0222,0.0354,-0.0210,-0.0275,0.0218,0.0089,0.0169,0.0460,0.0189,0.6112,13.6210,0.3356,0.0000,0.0000,0.0000,0.0000,0.0000,0.0000,0.0000,0.0000
5.7694,0.0000,0.0000,0.0000,0.0000,0.0000,0.0000,0.0000,0.0000,0.0000,-2.1283,-7.7576,0.0237,0.0018,-0.0249,0.0213,0.0486,0.0283,0.0075,0.0059,-0.0087,-0.0140,0.0142,-0.0080,-0.0171,-0.0009,0.0281,0.0473,0.0366,0.0312,0.0188,0.0392,0.0600,0.0253,0.0330,0.0249,0.0108,0.0109,0.0005,-0.0383,-0.0313,-0.0152,-0.0301,-0.0091,-0.0040,0.0615,0.0740,-0.0069,0.0034,0.0552,0.0293,-0.0065,0.0147,0.0286,-0.0108,0.0067,-0.0106,-0.0291,0.0287,0.0007,-0.0090,0.0217,-0.0102,-0.0059,0.0181,0.0128,0.0003,0.0178,0.0255,-0.0266,0.0001,0.0466,0.0264,0.0091,-0.0149,-0.0130,0.0130,-0.0286,-0.0142,0.0281,0.0250,0.0227,0.0017,-0.0066,0.0222,0.0396,0.0078,-0.0010,0.0003,-0.0241,-0.0112,0.0344,0.0473,0.0188,0.0291,0.0225,0.0026,0.0030,0.0342,0.0400,0.0131,0.0102,-0.0225,-0.0068,0.0485,0.0079,-0.0617,-0.0585,-0.0134,0.0492,0.0310,0.0049,0.0413,0.0930,0.0443,0.0162,0.0093,-0.0205,0.0155,0.0407,0.0046,-0.0430,-0.0095,-0.0096,-0.0040,0.0122,0.0364,-0.0226,-0.0505,-0.0272,-0.0052,0.0385,0.0165,0.0059,0.0040,-0.0011,0.0007,0.0193,-0.0347,-0.0052,0.0512,0.0052,0.0013,-0.0180,0.0078,0.0342,0.0244,-0.0029,-0.0054,-0.0084,0.0178,0.0444,0.0187,0.0036,0.0190,0.0874,0.0292,-0.0067,-0.0160,0.0171,0.0219,-0.0511,-0.0022,-0.0081,0.0129,-0.0063,0.0125,0.0279,0.0043,0.0107,-0.0075,0.0178,0.0377,0.0340,0.0165,-0.0017,0.0257,0.0051,-0.0032,0.0240,0.0082,0.0152,0.0250,-0.0150,0.0045,0.0179,0.0320,-0.0086,-0.0060,-0.0225,0.0104,0.0331,0.0297,0.0199,-0.0130,-0.0241,0.0081,0.0120,0.0253,0.0246,-0.0184,0.0222,0.0148,0.0173,0.0058,-0.0186,0.0236,-0.0210,0.0120,0.0196,0.0359,0.0426,0.0208,-0.0140,0.0110,0.0456,0.0283,-0.0395,-0.0165,0.0198,0.0076,0.0640,0.0333,0.0198,-0.0098,0.0292,0.0127,0.0058,0.0195,0.0456,0.0373,0.0118,-0.0208,0.0035,0.0110,0.0307,0.0018,-0.0042,0.0071,0.0437,0.0318,0.0683,0.0172,-0.0226,-0.0156,0.0081,-0.0256,0.0422,0.0628,0.0416,-0.0031,0.0193,0.0328,0.0202,0.0045,-0.0014,0.0321,0.0530,-0.0024,-0.0209,-0.0194,0.0733,0.0696,0.0232,0.0294,0.0248,0.0309,0.0179,-0.0029,0.0224,-0.0055,-0.0050,-0.0399,0.0296,-0.0221,0.0456,0.0305,-0.0375,-0.0124,0.0207,0.0427,0.0344,0.0350,0.0227,0.0369,0.0205,-0.0759,0.0177,0.0465,-0.0065,0.0242,0.0424,-0.0309,0.0075,-0.0056,0.0544,-0.0213,0.0493,0.0170,-0.0079,0.0177,0.0425,0.0122,0.0013,0.0366,0.0529,-0.0363,-0.0039,0.0160,0.0044,0.0024,-0.0158,-0.0162,-0.0127,0.0525,0.0025,-0.0158,0.0274,0.0005,0.0144,0.0135,0.0424,-0.0325,-0.0050,-0.0272,0.0135,0.0153,0.4948,13.5192,0.3976,0.0000,0.0000,0.0000,0.0000,0.0000,0.0000,0.0000,0.0000
5.6412,0.0000,0.0000,0.0000,0.0000,0.0000,0.0000,0.0000,0.0000,0.0000,-2.4904,-7.3060,0.0183,-0.0030,-0.0408,-0.0048,-0.0047,-0.0512,-0.0580,-0.0170,-0.0034,0.0110,0.0378,0.0316,0.0331,0.0286,0.0261,0.0343,0.0216,-0.0035,-0.0139,0.0093,0.0252,0.0206,0.0250,0.0181,0.0055,-0.0037,-0.0049,-0.0198,0.0000,0.0547,0.0785,0.0323,-0.0059,0.0150,-0.0100,-0.0091,0.0052,-0.0270,-0.0140,0.0202,0.0074,-0.0249,-0.0090,0.0622,0.0166,-0.0405,0.0164,0.0294,0.0085,0.0301,-0.0003,0.0104,0.0463,0.0232,-0.0101,0.0079,0.0336,-0.0284,-0.0111,0.0326,0.0020,0.0115,0.0127,-0.0229,-0.0041,0.0115,0.0051,0.0314,0.0065,-0.0056,-0.0129,-0.0347,-0.0319,0.0455,0.0763,0.0230,0.0432,0.0487,0.0171,0.0454,0.0246,-0.0214,-0.0326,-0.0184,-0.0258,-0.0417,0.0179,-0.0098,0.0059,0.0149,-0.0031,0.0018,0.0070,0.0422,0.0156,-0.0351,-0.0127,0.0277,0.0044,-0.0107,-0.0183,0.0029,-0.0060,0.0045,-0.0044,-0.0079,0.0198,0.0537,0.0012,-0.0085,0.0338,0.0206,0.0173,0.0328,0.0408,0.0328,-0.0061,-0.0081,-0.0131,0.0128,0.0369,0.0213,0.0424,0.0341,0.0301,0.0282,-0.0119,-0.0359,-0.0018,0.0197,0.0225,-0.0030,0.0247,0.0601,0.0221,-0.0112,0.0029,-0.0148,-0.0096,-0.0528,-0.0047,0.0057,0.0023,0.0156,0.0518,-0.0489,-0.0289,0.0372,0.0331,0.0258,0.0310,0.0082,0.0217,0.0008,0.0496,0.0294,0.0033,0.0122,0.0235,0.0173,0.0332,0.0192,-0.0027,0.0091,0.0140,0.0091,0.0136,0.0214,-0.0172,0.0312,0.0416,-0.0324,-0.0386,0.0366,0.0162,-0.0218,0.0165,0.0060,0.0045,0.0150,-0.0047,0.0262,0.0255,0.0052,0.0115,0.0151,0.0110,0.0050,0.0081,0.0118,-0.0003,0.0308,-0.0002,0.0138,0.0524,-0.0088,0.0245,-0.0099,0.0152,0.0093,0.0547,0.0126,0.0378,0.0474,0.0261,-0.0222,0.0128,0.0141,-0.0226,0.0375,-0.0112,0.0442,0.0080,-0.0321,-0.0003,0.0448,0.0203,-0.0019,0.0596,0.0444,-0.0056,0.0178,0.0268,-0.0150,-0.0136,0.0049,-0.0093,-0.0217,0.0110,0.0150,-0.0201,0.0103,0.0680,0.0156,-0.0036,0.0428,0.0499,0.0160,-0.0102,0.0030,0.0158,0.0067,0.0191,-0.0069,0.0248,0.0278,0.0578,-0.0053,-0.0239,0.0159,0.0437,0.0121,-0.0751,-0.0168,0.0031,-0.0576,-0.0200,0.0417,0.0255,-0.0249,-0.0162,0.0593,0.0257,0.0374,0.0703,-0.0046,0.0185,-0.0093,0.0348,0.0012,-0.0025,0.0255,-0.0022,0.0103,-0.0068,-0.0599,-0.0024,0.0419,0.0245,-0.0290,0.0148,0.1135,0.0303,0.0341,-0.0025,-0.0031,-0.0146,0.0163,-0.0034,0.0197,0.0252,0.0274,0.0577,0.0565,-0.0308,0.0178,0.0620,0.0198,0.0730,0.0130,-0.0053,-0.0410,0.0319,-0.0102,-0.0237,0.0324,0.0127,0.0632,0.0882,0.0507,-0.0392,-0.0201,0.0025,-0.0032,0.0224,0.2663,13.5476,0.4639,0.0000,0.0000,0.0000,0.0000,0.0000,0.0000,0.0000,0.0000
5.5130,0.0000,0.0000,0.0000,0.0000,0.0000,0.0000,0.0000,0.0000,0.0000,-2.8562,-6.8858,-0.0340,-0.0133,-0.0026,0.0541,0.0901,0.0561,0.0559,0.0626,0.0456,0.0263,-0.0154,-0.0486,-0.0260,0.0024,-0.0079,0.0106,0.0282,-0.0044,-0.0263,0.0012,0.0275,0.0295,0.0338,0.0510,0.0633,0.0467,-0.0041,-0.0058,0.0332,0.0242,0.0166,0.0090,-0.0166,-0.0099,-0.0023,0.0001,0.0424,0.0246,0.0006,0.0351,0.0325,0.0123,-0.0070,-0.0352,-0.0124,0.0357,0.0106,0.0033,0.0370,0.0530,0.0024,0.0057,0.0498,0.0096,0.0159,0.0467,0.0255,-0.0017,-0.0168,-0.0136,0.0156,0.0045,0.0141,0.0134,-0.0043,0.0204,0.0303,0.0614,-0.0012,-0.0179,0.0304,-0.0080,-0.0171,0.0042,0.0066,-0.0010,-0.0032,-0.0019,-0.0141,-0.0281,0.0008,0.0206,-0.0268,0.0046,0.0475,0.0529,0.0483,0.0386,0.0395,0.0186,0.0107,0.0177,0.0048,0.0086,-0.0225,-0.0307,0.0006,0.0147,-0.0226,-0.0220,0.0247,-0.0070,-0.0017,0.0024,0.0021,-0.0003,-0.0018,0.0545,0.0185,0.0220,0.0331,0.0592,0.0210,-0.0273,-0.0032,0.0721,0.0137,-0.0061,0.0151,0.0220,0.0440,0.0162,0.0252,0.0133,0.0293,-0.0102,-0.0299,-0.0191,0.0507,0.0171,0.0227,0.0280,-0.0103,0.0102,-0.0033,-0.0120,-0.0106,0.0000,0.0085,-0.0294,0.0009,0.0564,0.0450,-0.0067,0.0259,0.0174,0.0061,0.0379,0.0352,-0.0079,0.0429,0.0137,-0.0286,0.0043,-0.0069,0.0052,0.0249,-0.0017,0.0046,-0.0144,-0.0133,0.0115,0.0096,-0.0262,0.0170,0.0312,0.0333,-0.0024,0.0355,0.0458,0.0510,-0.0358,-0.0244,0.0476,0.0357,-0.0144,0.0113,0.0217,0.0113,0.0194,0.0007,0.0151,0.0188,-0.0083,0.0032,0.0131,-0.0130,0.0121,0.0376,0.0178,0.0357,0.0357,-0.0043,0.0176,0.0201,0.0254,0.0324,0.0108,0.0125,-0.0478,0.0442,0.0134,-0.0003,0.0282,0.0122,0.0100,0.0225,0.0115,0.0517,0.0140,-0.0465,0.0131,-0.0048,0.0132,0.0253,-0.0151,-0.0330,0.0030,0.0233,0.0500,-0.0071,0.0190,-0.0083,-0.0034,0.0068,0.0123,0.0287,0.0333,0.0106,0.0299,-0.0074,-0.0301,0.0130,0.0424,0.0056,0.0117,0.0162,0.0308,0.0368,0.0291,0.0116,0.0123,0.0595,0.0477,-0.0192,-0.0552,0.0241,-0.0245,-0.0369,0.0025,0.0057,0.0296,0.0075,0.0255,0.0297,-0.0310,0.0794,0.0275,-0.0267,-0.0178,0.0158,-0.0014,-0.0107,0.0087,0.0216,0.0113,-0.0048,0.0434,0.0245,0.0052,-0.0073,0.0502,-0.0133,-0.0103,0.0715,0.0055,-0.0075,0.0127,0.0161,-0.0695,0.0496,0.1082,-0.0177,0.0128,0.0267,0.0228,-0.0001,0.0609,-0.0301,-0.0100,0.0226,0.0197,0.0494,0.0653,-0.0317,-0.0113,0.0003,-0.0407,0.0267,0.0022,0.0509,0.0493,0.0376,0.0174,-0.0121,0.0371,-0.0060,0.0663,-0.0009,0.0557,-0.0276,-0.0092,-0.0113,0.0278,0.0122,0.3394,13.5590,0.5300,0.0000,0.0000,0.0000,0.0000,0.0000,0.0000,0.0000,0.0000
5.3848,0.0000,0.0000,0.0000,0.0000,0.0000,0.0000,0.0000,0.0000,0.0000,-3.2444,-6.4230,0.0393,0.0438,0.0916,0.0665,0.0002,-0.0210,-0.0357,-0.0083,0.0020,-0.0314,-0.0155,-0.0173,0.0086,0.0404,0.0138,0.0174,0.0296,0.0140,0.0194,0.0419,0.0332,-0.0000,0.0116,0.0340,0.0292,0.0174,-0.0159,-0.0424,-0.0180,0.0090,0.0049,0.0416,0.0567,0.0175,-0.0119,0.0081,0.0361,0.0352,0.0141,-0.0040,0.0245,0.0408,0.0167,-0.0104,-0.0059,0.0448,0.0452,0.0244,0.0275,0.0200,-0.0351,-0.0016,0.0169,0.0089,0.0204,0.0440,0.0319,0.0263,0.0108,-0.0231,0.0453,0.0190,0.0211,0.0364,0.0103,0.0447,0.0322,0.0269,0.0272,-0.0411,-0.0106,-0.0088,-0.0004,-0.0008,-0.0039,-0.0098,-0.0198,-0.0337,-0.0244,0.0254,0.0559,0.0405,0.0250,0.0512,0.0737,0.0761,0.0417,-0.0566,-0.0272,-0.0127,0.0192,0.0428,0.0324,0.0124,-0.0242,-0.0020,0.0682,0.0384,-0.0246,-0.0473,0.0084,0.0005,0.0240,0.0154,0.0227,-0.0042,-0.0192,0.0224,0.0028,-0.0014,0.0220,0.0643,0.0445,-0.0185,-0.0312,0.0470,0.0012,-0.0097,0.0137,0.0601,0.0388,0.0403,0.0243,0.0112,-0.0207,0.0234,0.0222,-0.0069,0.0021,0.0013,-0.0632,0.0110,0.0075,0.0104,0.0293,0.0424,0.0112,0.0217,0.0466,0.0698,0.0291,0.0265,0.0234,-0.0188,0.0297,0.0150,0.0060,0.0021,-0.0061,0.0345,0.0231,0.0170,0.0049,0.0215,-0.0248,0.0095,0.0233,-0.0009,0.0314,0.0178,0.0166,0.0310,0.0005,-0.0297,0.0026,0.0358,0.0093,0.0016,0.0123,0.0269,0.0308,-0.0280,-0.0314,0.0557,-0.0139,-0.0078,0.0062,0.0271,0.0038,0.0198,-0.0158,0.0008,0.0092,-0.0108,0.0015,0.0149,-0.0084,0.0196,0.0196,0.0233,0.0453,0.0220,0.0058,0.0215,-0.0087,0.0222,0.0513,0.0533,0.0038,-0.0079,0.0584,0.0005,-0.0313,0.0370,0.0206,0.0152,0.0023,0.0132,0.0430,0.0265,-0.0422,-0.0187,-0.0216,0.0104,0.0389,-0.0034,-0.0351,0.0011,0.0203,0.0038,0.0248,0.0344,0.0049,0.0166,0.0141,-0.0193,0.0368,0.0481,-0.0042,0.0679,0.0380,0.0025,-0.0140,0.0716,0.0122,0.0053,-0.0234,-0.0121,-0.0007,0.0182,0.0171,-0.0033,-0.0042,0.0337,0.0310,0.0279,0.0360,0.0778,-0.0190,0.0323,-0.0025,-0.0251,0.0503,0.0143,-0.0060,-0.0406,0.0501,0.0339,-0.0202,0.0229,0.0726,-0.0151,-0.0091,-0.0311,0.0353,-0.0038,-0.0093,-0.0107,-0.0002,0.0244,0.0008,0.0020,0.0457,-0.0472,0.0330,-0.0009,0.0316,-0.0152,-0.0120,-0.0509,0.0733,0.0040,-0.0034,0.0459,0.0563,0.0096,0.0089,-0.0213,0.0385,-0.0201,-0.0081,0.0523,0.0292,0.0534,0.0049,0.0261,-0.0062,-0.0084,-0.0207,-0.0010,0.0162,0.0245,0.0200,0.0136,-0.0078,0.0183,0.0061,0.0205,0.0366,0.0395,0.0614,0.0015,-0.0138,0.0667,-0.0410,0.2483,13.4605,0.5920,0.0000,0.0000,0.0000,0.0000,0.0000,0.0000,0.0000,0.0000
5.2566,0.0000,0.0000,0.0000,0.0000,0.0000,0.0000,0.0000,0.0000,0.0000,-3.6099,-6.0452,-0.0702,-0.0531,-0.0102,0.0102,-0.0231,-0.0143,0.0260,0.0241,0.0562,0.0676,0.0573,0.0220,0.0192,0.0492,0.0291,0.0159,-0.0100,-0.0182,0.0130,0.0207,0.0259,-0.0117,-0.0045,0.0326,0.0213,0.0062,-0.0158,0.0098,0.0349,0.0446,0.0218,0.0295,0.0780,0.0532,0.0069,0.0131,-0.0079,-0.0238,0.0208,0.0583,0.0864,0.0913,0.0482,0.0280,0.0012,0.0150,0.0407,-0.0124,-0.0162,0.0215,-0.0104,0.0005,0.0111,0.0147,0.0074,0.0142,0.0139,0.0352,0.0189,-0.0077,0.0115,0.0255,0.0290,-0.0040,-0.0210,0.0069,0.0080,0.0469,0.0477,-0.0023,-0.0017,0.0598,0.0422,-0.0193,0.0091,0.0326,0.0513,0.0697,0.0337,-0.0125,-0.0557,-0.0347,-0.0471,-0.0538,0.0466,0.0022,-0.0005,0.0369,0.0216,0.0108,0.0381,0.0398,0.0097,0.0205,0.0312,0.0076,0.0207,0.0297,0.0108,-0.0208,-0.0088,-0.0054,-0.0273,0.0235,0.0293,0.0038,-0.0257,0.0199,-0.0186,-0.0285,-0.0007,0.0517,0.0585,0.0090,-0.0212,-0.0012,-0.0015,0.0169,-0.0034,0.0306,0.0131,0.0504,0.0504,-0.0548,-0.0091,0.0216,0.0321,0.0347,0.0476,0.0276,0.0117,0.0557,-0.0125,-0.0103,0.0313,0.0231,0.0482,0.0525,0.0256,-0.0189,0.0124,-0.0128,0.0782,0.0377,-0.0071,-0.0084,0.0223,-0.0138,-0.0256,0.0275,0.0162,0.0251,0.0358,-0.0081,-0.0117,-0.0314,0.0032,0.0491,0.0174,0.0080,0.0305,0.0348,0.0144,0.0150,-0.0355,-0.0063,0.0227,0.0084,-0.0260,0.0151,0.0121,0.0158,-0.0046,0.0493,0.0151,-0.0244,0.0183,0.0361,-0.0183,0.0006,-0.0014,-0.0036,-0.0241,-0.0012,0.0048,0.0246,0.0143,0.0431,-0.0179,0.0075,0.0086,0.0298,0.0104,0.0155,0.0158,-0.0044,0.0333,0.0729,0.0008,0.0555,0.0160,-0.0455,0.0210,0.0363,0.0122,0.0130,0.0239,0.0322,-0.0083,0.0468,0.0194,0.0292,0.0055,0.0279,0.0334,0.0220,-0.0124,0.0043,0.0097,-0.0312,0.0327,0.0464,0.0135,0.0330,0.0085,-0.0032,0.0199,0.0237,-0.0093,0.0272,-0.0217,0.0204,0.0016,0.0229,-0.0003,0.0215,-0.0055,-0.0553,0.0118,0.0185,0.0448,0.0463,-0.0001,-0.0181,0.0092,0.0313,-0.0255,0.0381,0.0291,0.0063,-0.0044,-0.0106,0.0660,-0.0328,0.0295,-0.0030,0.0359,-0.0067,-0.0464,0.0014,-0.0044,-0.0294,-0.0121,0.0077,0.0379,0.0166,0.0261,-0.0240,0.0570,0.0573,0.0371,-0.0181,0.0512,0.0024,0.0938,0.0261,0.0133,0.0095,-0.0343,-0.0713,0.0238,0.0248,0.0037,0.0223,0.0183,-0.0021,-0.0112,0.0634,0.0424,0.0038,-0.0457,0.0096,0.0138,0.0236,0.0131,0.0402,-0.0044,0.0269,0.0469,0.0073,0.0021,-0.0070,-0.0288,0.0027,0.0151,-0.0279,0.0078,0.0346,-0.0179,-0.0124,0.0440,0.0450,-0.0038,0.0425,-0.0288,0.2977,13.3249,0.6518,0.0000,0.0000,0.0000,0.0000,0.0000,0.0000,0.0000,0.0000
5.1284,0.0000,0.0000,0.0000,0.0000,0.0000,0.0000,0.0000,0.0000,0.0000,-4.0689,-5.6390,0.0745,0.0183,0.0440,0.0604,0.0389,0.0145,-0.0271,-0.0292,0.0057,0.0327,0.0404,-0.0151,-0.0044,0.0221,0.0000,-0.0135,-0.0164,-0.0054,-0.0059,-0.0142,0.0208,0.0144,0.0013,0.0368,0.0386,0.0154,-0.0102,0.0030,0.0297,0.0203,-0.0340,0.0070,0.0433,0.0332,0.0302,0.0354,0.0132,0.0554,0.0076,0.0138,0.0255,-0.0276,-0.0245,0.0098,0.0197,-0.0112,0.0032,0.0016,0.0487,0.0536,-0.0027,-0.0202,-0.0271,-0.0058,-0.0000,0.0210,0.0150,0.0114,-0.0264,-0.0002,-0.0259,-0.0037,0.0109,0.0015,0.0075,0.0569,0.0134,0.0150,0.0470,-0.0098,-0.0231,0.0398,0.0445,0.0397,0.0273,0.0201,-0.0097,0.0180,0.0164,0.0089,-0.0249,-0.0365,0.0101,-0.0017,-0.0145,-0.0373,0.0069,0.0348,0.0091,-0.0543,-0.0181,-0.0098,0.0286,0.0261,0.0199,-0.0060,-0.0163,-0.0024,0.0061,0.0191,-0.0154,0.0060,-0.0407,0.0341,0.0541,0.0171,-0.0330,0.0130,0.0060,-0.0150,-0.0404,0.0304,0.0811,0.0112,-0.0098,-0.0227,0.0327,0.0007,0.0081,0.0262,0.0230,0.0303,0.0248,-0.0015,-0.0012,0.0414,0.0092,-0.0017,0.0287,0.0225,0.0156,0.0215,0.0153,0.0195,0.0116,0.0307,0.0347,0.0112,-0.0115,-0.0628,-0.0403,-0.0433,0.0565,0.0728,0.0055,0.0070,0.0018,-0.0143,0.0360,0.0383,0.0260,0.0213,0.0079,0.0107,0.0003,-0.0340,-0.0526,0.0513,-0.0090,-0.0312,-0.0288,0.0519,0.0184,-0.0146,-0.0133,0.0077,0.0282,0.0447,-0.0077,-0.0020,0.0306,0.0266,0.0148,-0.0118,0.0385,-0.0368,0.0109,0.0327,0.0208,0.0048,0.0448,0.0192,0.0006,-0.0151,0.0507,0.0310,0.0124,0.0305,0.0008,-0.0212,0.0042,0.0588,-0.0082,-0.0088,0.0223,-0.0290,-0.0113,0.0115,0.0297,0.0393,-0.0029,-0.0441,0.0426,0.0264,0.0027,0.0155,0.0301,0.0600,0.0056,0.0515,0.0343,0.0046,-0.0124,0.0438,-0.0063,0.0220,0.0333,0.0445,0.0220,-0.0038,0.0754,-0.0113,-0.0400,-0.0051,0.0480,-0.0581,-0.0032,0.0499,0.0042,-0.0206,-0.0248,0.0052,-0.0052,0.0220,0.0307,0.0438,0.0098,-0.0364,0.0555,-0.0141,-0.0363,0.0535,0.0107,0.0155,-0.0025,0.0490,0.0023,0.0260,0.0219,0.0477,-0.0023,-0.0372,0.0700,-0.0335,0.0108,-0.0014,-0.0374,-0.0109,-0.0006,0.0059,0.0184,0.0292,0.0160,-0.0045,-0.0189,0.0614,0.0781,0.0028,0.0712,0.0253,0.0026,-0.0014,0.0114,0.0242,0.0213,-0.0234,0.0370,0.0476,0.0039,-0.0120,0.0028,0.0199,0.0209,0.0085,-0.0327,-0.0356,-0.0331,0.0063,-0.0319,0.0176,0.0209,0.0285,0.0173,0.0185,-0.0005,0.0239,0.0333,0.0361,-0.0315,0.0337,0.0246,0.0195,-0.0046,-0.0071,-0.0000,-0.0307,-0.0664,0.0390,-0.0039,-0.0313,0.0066,-0.0203,0.0342,0.0222,0.0197,0.2704,13.3884,0.7221,0.0000,0.0000,0.0000,0.0000,0.0000,0.0000,0.0000,0.0000
5.0001,0.0000,0.0000,0.0000,0.0000,0.0000,0.0000,0.0000,0.0000,0.0000,-4.4374,-5.2322,0.0611,0.0128,-0.0170,0.0274,-0.0065,-0.0178,0.0062,-0.0185,-0.0016,0.0446,0.0137,-0.0176,0.0038,0.0282,0.0068,-0.0093,-0.0093,0.0085,0.0039,-0.0087,0.0091,0.0378,0.0303,0.0410,0.0291,0.0025,-0.0151,0.0161,0.0570,0.0543,0.0151,-0.0077,0.0090,-0.0080,0.0337,0.0219,-0.0288,-0.0052,-0.0220,-0.0004,0.0501,-0.0063,0.0020,0.0351,0.0536,-0.0262,-0.0288,-0.0093,0.0262,0.0067,-0.0083,0.0283,-0.0099,-0.0045,0.0321,0.0462,0.0241,-0.0053,-0.0129,0.0327,-0.0087,-0.0321,-0.0141,0.0004,0.0260,0.0613,0.0076,-0.0253,0.0166,-0.0098,-0.0165,0.0191,0.0029,0.0114,0.0085,-0.0144,0.0403,0.0502,-0.0154,0.0062,-0.0135,0.0368,0.0112,0.0353,0.0433,0.0299,0.0630,0.0281,-0.0226,-0.0272,-0.0072,0.0065,0.0032,0.0009,0.0233,0.0093,-0.0022,0.0035,0.0382,0.0598,-0.0163,0.0211,0.0300,0.0074,0.0340,0.0468,0.0100,0.0304,0.0491,0.0222,-0.0200,0.0345,0.0455,-0.0039,-0.0167,-0.0073,0.0340,0.0319,-0.0080,0.0052,-0.0033,0.0019,0.0094,0.0144,0.0216,0.0299,-0.0065,0.0110,0.0386,0.0111,-0.0253,-0.0308,0.0200,0.0321,0.0261,0.0025,-0.0331,-0.0102,-0.0583,0.0259,-0.0077,-0.0105,0.0698,0.0356,0.0216,-0.0089,-0.0208,0.0210,0.0240,0.0164,-0.0022,-0.0444,-0.0203,-0.0167,0.0221,0.0205,-0.0360,0.0478,0.0505,0.0111,0.0084,0.0333,0.0391,-0.0012,-0.0195,0.0439,-0.0161,0.0150,0.0289,0.0060,0.0006,-0.0121,0.0126,-0.0005,0.0397,-0.0162,-0.0012,0.0010,-0.0085,0.0435,0.0212,0.0033,0.0078,-0.0195,0.0581,0.0304,0.0111,0.0118,0.0489,-0.0073,0.0245,0.0477,-0.0198,0.0143,0.0039,-0.0081,-0.0194,-0.0178,0.0429,-0.0257,0.0148,-0.0143,0.0171,0.0081,-0.0019,0.0198,0.0182,0.0821,0.0407,0.0024,0.0228,-0.0087,-0.0098,0.0211,-0.0157,-0.0071,-0.0056,0.0410,0.0183,0.0050,0.0497,0.0367,-0.0070,-0.0159,0.0214,0.0069,0.0271,0.0485,0.0327,-0.0111,-0.0267,-0.0084,0.0003,0.0214,0.0000,0.0291,0.0465,0.0086,0.0432,0.0162,-0.0095,0.0168,0.0015,-0.0200,-0.0360,0.0398,-0.0118,-0.0573,-0.0106,0.0528,-0.0103,-0.0373,0.0691,0.0565,-0.0143,-0.0099,0.0077,-0.0243,-0.0110,0.0255,0.0205,-0.0331,0.0709,0.0190,0.0028,0.0327,0.0242,0.0423,0.0064,0.0434,0.0161,0.0166,0.0401,-0.0009,-0.0019,0.0213,-0.0517,-0.0044,-0.0121,0.0352,-0.0008,0.0262,0.0391,0.0764,-0.0249,0.0170,0.0191,0.0103,-0.0625,0.0049,-0.0310,0.0058,-0.0080,0.0221,-0.0056,-0.0179,0.0755,0.0109,-0.0343,-0.0591,0.0418,0.0327,-0.0275,0.0049,0.0338,-0.0328,-0.0348,0.0359,0.0228,-0.0189,-0.0029,0.0290,0.0413,0.0276,-0.0415,0.2723,13.4332,0.7924,0.0000,0.0000,0.0000,0.0000,0.0000,0.0000,0.0000,0.0000
4.8719,0.0000,0.0000,0.0000,0.0000,0.0000,0.0000,0.0000,0.0000,0.0000,-4.7885,-4.8738,-0.0119,-0.0426,-0.0411,0.0409,0.0351,0.0341,0.0302,0.0200,-0.0049,0.0402,0.0139,-0.0151,0.0189,0.0244,0.0235,0.0159,0.0258,0.0221,0.0157,0.0391,0.0229,0.0535,0.0221,0.0427,0.0133,-0.0391,-0.0072,0.0317,0.0378,0.0109,-0.0365,-0.0411,0.0410,0.0568,0.0512,0.0074,-0.0114,0.0045,0.0129,0.0179,-0.0122,-0.0144,0.0176,0.0046,0.0074,0.0062,0.0277,0.0269,0.0295,0.0328,0.0312,0.0635,0.0329,-0.0003,0.0529,0.0236,-0.0004,-0.0050,0.0301,0.0380,0.0057,-0.0182,-0.0023,-0.0039,0.0163,0.0324,-0.0013,-0.0158,0.0371,0.0686,0.0523,0.0232,-0.0344,-0.0141,0.0101,-0.0286,0.0065,0.0405,0.0416,0.0070,0.0327,0.0339,0.0012,0.0378,-0.0013,0.0049,0.0409,-0.0054,0.0173,0.0256,0.0555,-0.0018,-0.0355,0.0511,0.0463,-0.0303,-0.0129,0.0203,0.0353,0.0476,0.0006,0.0226,0.0695,0.0159,0.0203,0.0440,0.0121,0.0297,0.0395,0.0167,0.0232,0.0488,0.0287,-0.0275,0.0149,-0.0012,0.0047,0.0799,0.0092,-0.0156,-0.0286,0.0450,0.0222,0.0207,0.0217,0.0550,0.0244,-0.0100,0.0189,0.0304,-0.0072,-0.0019,0.0336,-0.0135,0.0611,0.0682,-0.0022,0.0376,0.0393,-0.0064,-0.0031,0.0670,0.0362,-0.0029,-0.0440,-0.0338,-0.0400,-0.0409,0.0000,0.0037,0.0339,0.0356,0.0103,0.0306,0.0236,-0.0027,0.0185,-0.0004,-0.0047,0.0094,0.0190,0.0245,0.0036,-0.0338,0.0039,0.0314,-0.0095,-0.0001,0.0302,0.0247,-0.0013,-0.0077,-0.0545,0.0187,0.0247,0.0008,0.0127,0.0066,-0.0201,0.0609,0.0284,0.0366,-0.0125,-0.0335,0.0218,0.0194,0.0361,0.0181,0.0418,0.0240,0.0397,0.0666,-0.0036,0.0197,0.0300,0.0109,-0.0426,0.0147,0.0360,-0.0385,0.0306,0.0099,0.0257,0.0453,0.0085,0.0007,0.0037,0.0057,0.0273,-0.0127,-0.0130,-0.0302,0.0041,0.0207,-0.0011,0.0348,0.0334,-0.0340,0.0292,0.0264,0.0090,0.0682,-0.0110,-0.0279,-0.0163,0.0180,0.0030,0.0635,0.0205,-0.0351,-0.0078,-0.0196,0.0056,-0.0105,-0.0086,0.0248,-0.0411,-0.0101,0.0146,0.0175,0.0403,-0.0091,0.0002,0.0520,-0.0104,0.0272,0.0399,-0.0073,0.0045,0.0418,0.0120,0.0224,0.0304,0.0020,-0.0028,-0.0207,0.0454,0.0185,0.0217,0.0572,-0.0212,0.0109,0.0479,0.0503,0.0230,-0.0308,-0.0711,0.0174,-0.0002,0.0548,0.0199,-0.0492,0.0340,0.0314,0.0162,0.0360,0.0402,-0.0072,-0.0210,-0.0529,-0.0113,0.0342,0.0352,0.0402,0.0694,0.0104,0.0401,0.0083,-0.0148,-0.0471,0.0061,0.0644,-0.0282,0.0215,0.0058,0.0248,-0.0034,0.0285,0.0156,-0.0202,0.0109,0.0520,-0.0523,-0.0579,0.0087,-0.0051,-0.0649,0.0582,-0.0346,0.0016,0.0477,0.0383,0.0655,0.0156,-0.0157,-0.0695,13.4434,0.8632,0.0000,0.0000,0.0000,0.0000,0.0000,0.0000,0.0000,0.0000
4.7437,0.0000,0.0000,0.0000,0.0000,0.0000,0.0000,0.0000,0.0000,0.0000,-5.2022,-4.4219,-0.0195,-0.0134,0.0357,-0.0208,-0.0514,-0.0075,-0.0156,-0.0296,0.0113,0.0667,0.0441,0.0292,0.0721,0.0348,-0.0019,-0.0111,0.0389,0.0423,0.0089,0.0292,0.0209,0.0425,0.0009,0.0007,0.0122,-0.0135,-0.0172,0.0114,0.0463,0.0499,0.0064,-0.0343,-0.0482,-0.0273,0.0102,0.0125,0.0069,0.0172,0.0352,0.0204,0.0039,0.0402,0.0529,0.0024,0.0139,0.0694,0.0532,0.0152,0.0083,0.0393,0.0004,-0.0170,0.0100,-0.0017,0.0062,-0.0058,0.0138,0.0460,0.0354,-0.0024,0.0026,0.0211,0.0280,0.0467,0.0154,0.0385,0.0180,0.0075,-0.0195,0.0036,0.0130,0.0252,0.0123,-0.0178,0.0118,0.0224,-0.0601,-0.0158,0.0069,0.0093,0.0296,0.0444,0.0399,0.0088,0.0121,0.0289,0.0368,0.0109,-0.0152,0.0094,0.0247,-0.0083,-0.0006,0.0233,0.0347,-0.0023,0.0179,0.0348,-0.0202,-0.0236,0.0316,0.0135,0.0429,0.0127,0.0250,0.0354,-0.0156,0.0218,0.0234,-0.0298,0.0166,0.0091,0.0157,-0.0009,0.0155,-0.0096,0.0039,0.0333,0.0416,0.0011,-0.0149,0.0058,0.0045,0.0229,-0.0202,0.0345,0.0537,-0.0597,0.0142,0.0351,-0.0164,0.0474,0.0288,-0.0517,-0.0121,0.0275,0.0362,-0.0224,0.0046,-0.0501,-0.0534,-0.0126,-0.0274,-0.0057,0.0160,0.0607,0.0598,0.0171,0.0225,0.0000,0.0343,0.0185,0.0182,-0.0076,-0.0166,0.0202,0.0042,0.0213,-0.0339,0.0416,0.0743,0.0507,-0.0236,-0.0341,0.0188,0.0329,0.0055,0.0076,0.0161,0.0236,0.0607,0.0269,-0.0115,0.0302,-0.0034,0.0404,0.0531,0.0207,-0.0020,0.0158,0.0336,0.0906,0.0514,-0.0212,0.0220,0.0122,0.0506,0.0236,0.0126,-0.0135,-0.0112,0.0282,-0.0018,0.0169,0.0581,0.0093,-0.0194,0.0232,0.0406,0.0043,-0.0029,0.0297,0.0202,0.0250,-0.0228,-0.0304,0.0128,-0.0135,0.0138,0.0244,-0.0045,0.0137,-0.0221,0.0646,0.0027,-0.0024,0.0318,-0.0209,-0.0009,0.0354,-0.0280,0.0248,0.0235,-0.0275,-0.0321,0.0109,-0.0133,-0.0108,0.0101,-0.0095,-0.0008,0.0076,-0.0142,-0.0007,0.0006,0.0473,-0.0255,-0.0034,0.0167,0.0088,0.0550,0.0477,-0.0272,0.0027,0.0308,-0.0036,0.0143,-0.0034,0.0495,0.0251,0.0152,0.0102,0.0360,0.0119,-0.0021,0.0114,0.0765,0.0425,0.0047,0.0005,-0.0339,-0.0082,0.0341,-0.0184,0.0514,-0.0270,0.0221,0.0237,0.0664,0.0592,-0.0376,-0.0542,0.0274,0.0217,-0.0018,0.0897,0.1125,0.0510,-0.0040,-0.1101,-0.0239,0.0749,0.0487,0.0282,0.0538,0.0414,0.0057,0.0220,-0.0337,-0.0016,0.0698,-0.0124,-0.0260,-0.0143,-0.0098,-0.0113,-0.0658,0.0322,-0.0095,0.0240,0.0643,0.0535,-0.0084,-0.0516,0.0336,0.0076,-0.0073,-0.0038,-0.0237,0.0020,0.0108,0.0030,0.0687,0.0004,0.0125,-0.1484,13.5054,0.9373,0.0000,0.0000,0.0000,0.0000,0.0000,0.0000,0.0000,0.0000
4.6155,0.0000,0.0000,0.0000,0.0000,0.0000,0.0000,0.0000,0.0000,0.0000,-5.5814,-4.0121,0.0030,-0.0036,0.0508,0.0542,-0.0062,0.0199,0.0134,0.0211,0.0860,0.0507,0.0033,0.0221,0.0536,0.0088,-0.0458,-0.0239,0.0309,0.0448,0.0007,0.0219,0.0177,0.0305,0.0156,0.0062,0.0320,0.0254,-0.0051,-0.0089,0.0077,0.0073,0.0151,0.0000,0.0032,0.0605,0.0336,0.0136,0.0160,0.0107,0.0419,0.0325,0.0536,0.0167,0.0052,-0.0299,-0.0557,0.0412,0.0586,0.0096,0.0130,0.0320,0.0068,0.0158,0.0323,-0.0146,-0.0251,0.0055,0.0174,0.0556,-0.0051,-0.0361,0.0219,0.0319,0.0169,0.0297,-0.0071,0.0102,0.0027,0.0070,-0.0060,-0.0047,0.0336,0.0212,0.0384,0.0171,0.0544,0.0454,0.0225,0.0879,-0.0058,-0.0060,0.0267,0.0694,-0.0106,-0.0147,0.0405,0.0216,0.0335,0.0547,0.0047,0.0140,0.0477,-0.0100,0.0022,0.0025,-0.0285,0.0183,0.0637,0.0300,-0.0234,-0.0317,0.0126,0.0078,0.0091,0.0110,-0.0222,-0.0021,-0.0133,0.0411,0.0108,-0.0151,-0.0068,-0.0022,-0.0141,0.0049,-0.0032,-0.0264,-0.0066,0.0283,0.0442,0.0147,-0.0130,-0.0489,-0.0292,0.0242,-0.0256,-0.0145,0.0407,-0.0050,-0.0217,0.0531,-0.0022,0.0170,0.0314,0.0075,-0.0516,-0.0221,0.0297,0.0133,0.0231,0.0483,-0.0201,-0.0661,-0.0068,-0.0213,-0.0229,0.0208,0.0059,0.0112,0.0017,0.0282,-0.0097,0.0409,0.0671,-0.0288,0.0079,0.0705,0.0194,0.0125,-0.0227,-0.0197,0.0066,0.0413,-0.0070,0.0530,0.0343,0.0848,0.0172,-0.0052,0.0246,-0.0150,0.0488,-0.0108,0.0052,0.0426,0.0066,0.0380,0.0577,0.0168,0.0384,0.0265,0.0279,0.0240,0.0387,0.0037,-0.0199,-0.0198,0.0218,0.0152,-0.0149,0.0007,0.0032,-0.0182,-0.0222,0.0189,0.0190,-0.0071,0.0174,0.0102,0.0398,0.0419,0.0211,0.0499,0.0146,0.0120,-0.0179,-0.0181,-0.0010,-0.0048,-0.0258,0.0504,0.0189,-0.0188,0.0070,0.0474,0.0128,-0.0031,0.0058,0.0034,0.0216,0.0292,-0.0142,-0.0232,0.0242,0.0164,0.0157,-0.0020,0.0146,-0.0238,0.0110,0.0946,0.0293,0.0427,0.0394,0.0137,-0.0225,0.0172,0.0221,0.0080,0.0841,0.0210,0.0695,0.0160,0.0238,0.0214,-0.0137,0.0499,-0.0192,-0.0051,0.0273,-0.0583,0.0342,0.0159,-0.0245,0.0114,0.0032,0.0484,0.0061,0.0746,-0.0231,-0.0175,0.0319,-0.0237,0.0258,0.0055,0.0437,0.0124,0.0171,0.0033,0.0522,0.0082,-0.0171,0.0032,-0.0279,0.0140,0.0141,0.0516,0.0623,0.0444,0.0105,-0.0525,-0.0108,0.0496,0.0027,-0.0052,0.0144,-0.0064,-0.0181,-0.0342,-0.0257,0.0580,0.0636,0.0187,0.0507,0.0154,-0.0218,0.0430,-0.0086,0.0084,-0.0380,-0.0036,0.0192,-0.0435,0.0018,0.0340,0.0565,0.0612,-0.0121,0.0133,0.0065,0.0035,0.0042,0.0099,-0.0189,-0.0249,0.0226,0.0310,13.3831,0.9975,0.0000,0.0000,0.0000,0.0000,0.0000,0.0000,0.0000,0.0000
4.4873,0.0000,0.0000,0.0000,0.0000,0.0000,0.0000,0.0000,0.0000,0.0000,-5.9683,-3.6052,0.0061,0.0068,0.0337,0.0275,-0.0322,-0.0077,-0.0027,0.0131,0.0593,0.0307,0.0219,0.0223,0.0095,0.0249,0.0222,-0.0032,-0.0196,0.0184,0.0224,0.0302,0.0110,-0.0036,-0.0258,-0.0199,-0.0208,0.0051,0.0043,0.0531,0.0254,-0.0153,0.0306,0.0461,0.0756,0.0782,0.0387,0.0227,-0.0340,-0.0312,0.0433,-0.0235,0.0128,-0.0153,0.0390,-0.0235,-0.0315,0.0241,0.0626,0.0154,0.0258,0.0128,-0.0132,0.0510,0.0488,0.0016,-0.0072,0.0152,0.0174,0.0434,-0.0065,-0.0195,0.0361,0.0227,-0.0292,0.0156,-0.0254,0.0165,0.0276,-0.0126,0.0020,-0.0440,-0.0056,0.0156,-0.0166,0.0069,0.0310,0.0016,-0.0036,0.0314,0.0012,-0.0113,0.0005,0.0387,0.0231,-0.0033,0.0007,0.0370,-0.0073,0.0232,0.0035,0.0299,0.0397,-0.0104,0.0098,0.0177,-0.0098,-0.0127,0.0884,0.0255,-0.0124,0.0076,-0.0143,0.0203,0.0167,0.0156,0.0107,-0.0186,-0.0056,0.0345,0.0120,0.0386,0.0426,0.0474,0.0037,0.0326,-0.0120,-0.0077,-0.0189,-0.0025,-0.0076,0.0456,0.0102,-0.0489,-0.0084,0.0214,-0.0038,-0.0404,0.0314,0.0001,0.0114,0.0258,0.0418,-0.0180,-0.0053,0.0201,0.0404,0.0046,0.0125,0.0149,0.0021,0.0740,0.0014,0.0265,0.0799,0.0687,0.0554,-0.0543,0.0099,0.0048,-0.0054,0.0121,-0.0431,-0.0208,0.0278,0.0094,-0.0076,0.0318,0.0660,0.0334,0.0483,0.0168,-0.0112,-0.0067,0.0085,0.0524,-0.0151,0.0470,-0.0036,0.0001,0.0547,-0.0201,0.0212,0.0180,0.0122,0.0567,0.0270,-0.0341,0.0222,0.0089,0.0439,0.0366,0.0353,-0.0031,0.0115,0.0260,-0.0217,-0.0412,0.0161,0.0176,-0.0174,0.0167,0.0737,0.0140,0.0178,0.0620,0.0447,-0.0037,0.0353,0.0200,-0.0064,0.0045,-0.0192,0.0195,0.0267,-0.0370,0.0139,-0.0123,-0.0247,0.0082,-0.0089,0.0075,-0.0052,-0.0214,-0.0012,-0.0106,0.0248,0.0194,-0.0022,-0.0002,0.0398,0.0369,-0.0167,-0.0169,0.0336,-0.0186,0.0114,0.0186,-0.0035,0.0320,0.0127,0.0239,0.0070,0.0273,0.0359,0.0345,0.0125,0.0195,-0.0048,-0.0369,0.0833,0.0136,-0.0251,0.0363,0.0662,0.0535,-0.0084,0.0413,0.0557,0.0716,0.0203,-0.0087,0.0470,0.0317,-0.0163,0.0063,-0.0259,0.0213,0.0071,0.0242,0.0043,0.0400,0.0222,0.0093,-0.0299,0.0144,0.0372,-0.0180,-0.0146,0.0096,0.0072,0.0037,-0.0166,-0.0129,0.0084,-0.0033,-0.0477,-0.0216,0.0598,-0.0039,-0.0078,0.0037,0.0572,-0.0119,-0.0175,-0.0524,-0.0486,-0.0511,-0.0401,-0.0076,-0.0047,0.0628,0.0245,0.0423,-0.0014,0.0138,0.0155,0.0097,-0.0035,0.0579,-0.0185,0.0053,0.0702,-0.0085,-0.0058,0.0277,0.0106,-0.0317,0.0074,0.0024,-0.0360,0.0202,0.0223,0.0505,0.0335,-0.0327,-0.0042,0.0327,13.2918,1.0598,0.0000,0.0000,0.0000,0.0000,0.0000,0.0000,0.0000,0.0000
4.3591,0.0000,0.0000,0.0000,0.0000,0.0000,0.0000,0.0000,0.0000,0.0000,-6.3670,-3.2465,0.0004,-0.0630,-0.0135,0.0600,0.0274,0.0432,0.0617,0.0235,0.0354,-0.0008,0.0009,-0.0137,-0.0389,-0.0112,0.0303,0.0137,-0.0374,-0.0050,0.0445,-0.0191,0.0125,0.0425,0.0151,0.0198,0.0206,0.0041,0.0374,0.0998,-0.0177,-0.0327,-0.0161,0.0094,-0.0129,-0.0577,0.0049,0.0052,0.0050,0.0286,0.0479,0.0661,0.0070,-0.0032,0.0482,0.0167,0.0077,0.0361,0.0285,0.0202,0.0543,0.0158,-0.0201,0.0076,0.0151,0.0385,-0.0099,0.0112,0.0296,0.0625,0.0319,0.0048,0.0244,0.0462,-0.0145,-0.0041,-0.0032,-0.0075,0.0379,0.0584,0.0495,0.0081,-0.0863,0.0357,0.0194,-0.0001,0.0426,0.0239,0.0092,-0.0285,-0.0173,-0.0060,0.0159,-0.0285,0.0156,0.0025,0.0339,-0.0023,-0.0630,-0.0396,0.0201,-0.0247,-0.0107,-0.0194,0.0131,0.0536,-0.0465,-0.0011,0.0507,0.0317,0.0002,0.0160,0.0211,0.0212,0.0134,-0.0272,0.0625,0.0035,0.0212,0.0080,0.0038,0.0204,0.0625,0.0432,0.0437,0.0322,0.0361,0.0140,-0.0172,-0.0191,-0.0025,0.0212,-0.0021,-0.0116,0.0602,0.0606,0.0508,0.0236,0.0125,-0.0322,-0.0276,0.0044,0.0441,-0.0103,0.0150,0.0093,-0.0070,0.0312,0.0403,0.0335,0.0281,0.0049,-0.0329,0.0736,0.0046,-0.0205,-0.0355,-0.0560,-0.0258,0.0331,-0.0047,0.0279,-0.0030,0.0003,0.0517,0.0004,-0.0200,-0.0390,0.0186,0.0134,0.0361,0.0248,0.0075,0.0359,0.0460,0.0472,0.0143,-0.0075,0.0038,-0.0423,0.0467,0.0182,0.0276,0.0292,0.0332,0.0256,0.0125,-0.0202,0.0173,0.0174,0.0237,-0.0080,0.0049,-0.0049,0.0366,0.0308,0.0523,-0.0303,0.0553,0.0246,0.0190,-0.0056,0.0555,0.0072,0.0106,-0.0028,0.0674,0.0161,0.0075,-0.0177,-0.0183,-0.0071,-0.0099,-0.0008,0.0405,-0.0231,0.0222,-0.0092,-0.0237,-0.0024,0.0490,0.0220,0.0263,0.0210,0.0197,0.0098,0.0247,0.0378,0.0214,0.0383,0.0357,0.0226,0.0219,0.0211,0.0428,0.0196,-0.0155,0.0310,-0.0029,-0.0081,0.0122,0.0314,-0.0069,-0.0066,0.0225,0.0079,0.0395,0.0124,0.0086,-0.0201,0.0349,-0.0023,0.0010,0.0357,0.0323,0.0372,0.0170,-0.0423,0.0740,0.0031,0.0188,0.0234,0.0581,0.0367,0.0398,-0.0040,0.0109,-0.0284,-0.0059,0.0158,0.0222,0.0238,-0.0009,0.0663,0.0054,-0.0706,-0.0269,-0.0089,-0.0224,0.0125,0.0078,0.0163,-0.0010,0.0352,0.0771,0.0275,-0.0235,-0.0485,0.0428,0.0197,-0.0170,0.0867,-0.0026,-0.0353,0.0476,-0.0666,-0.0512,-0.0347,-0.0119,-0.0070,0.0384,0.0674,0.0941,-0.0260,-0.0159,-0.0024,0.0395,-0.0093,-0.0301,0.0454,-0.0141,0.0187,0.0263,0.0007,-0.0065,-0.0001,0.0007,0.0237,0.0124,0.0053,-0.0135,0.0025,-0.0042,0.0123,0.0033,0.0768,0.0219,0.2807,12.9921,1.1022,0.0000,0.0000,0.0000,0.0000,0.0000,0.0000,0.0000,0.0000
4.2309,0.0000,0.0000,0.0000,0.0000,0.0000,0.0000,0.0000,0.0000,0.0000,-6.7620,-2.8541,0.0696,0.0045,-0.0084,-0.0126,-0.0415,0.0036,0.0367,-0.0082,0.0153,-0.0094,0.0320,0.0283,-0.0045,0.0034,0.0355,0.0387,0.0384,-0.0064,-0.0018,-0.0244,0.0137,0.0421,0.0595,0.0397,0.0242,0.0039,0.0432,0.0022,-0.0295,-0.0288,-0.0340,0.0534,0.0587,-0.0242,0.0013,-0.0006,0.0352,-0.0052,-0.0193,0.0606,0.0091,0.0062,0.0339,-0.0141,-0.0063,-0.0149,0.0084,0.0241,-0.0040,0.0560,0.0111,-0.0220,0.0034,0.0484,-0.0065,-0.0065,-0.0179,0.0273,0.0364,0.0214,0.0104,0.0078,0.0260,0.0319,0.0211,0.0147,0.0394,0.0234,0.0465,0.0819,-0.0150,0.0343,-0.0232,-0.0397,0.0189,0.0075,0.0479,-0.0017,-0.0259,0.0559,0.0666,-0.0223,0.0068,-0.0048,0.0500,0.0199,-0.0590,-0.0227,0.0499,0.0278,0.0055,0.0186,0.0110,0.0488,-0.0215,0.0398,0.0204,-0.0116,0.0280,0.0419,0.0093,-0.0064,-0.0372,-0.0211,0.0259,-0.0138,0.0378,0.0202,-0.0116,-0.0287,0.0314,0.0355,0.0317,-0.0007,0.0114,0.0188,0.0442,0.0081,0.0574,-0.0012,-0.0311,0.0308,0.0272,0.0600,0.0179,-0.0047,-0.0136,-0.0424,-0.0172,0.0135,0.0410,0.0426,0.0117,-0.0036,-0.0606,0.0404,0.0061,-0.0440,-0.0734,0.0018,0.0196,-0.0102,0.0446,0.0087,-0.0223,0.0278,-0.0361,-0.0057,0.0484,-0.0190,0.0213,0.0344,0.0456,0.0106,0.0297,-0.0406,0.0306,0.0166,0.0211,-0.0490,-0.0175,-0.0091,-0.0328,0.0149,0.0323,0.0057,0.0212,-0.0246,0.0119,0.0502,0.0310,0.0310,0.0014,-0.0222,-0.0019,0.0101,0.0134,0.0376,0.0298,-0.0126,0.0145,0.0060,0.0373,0.0266,0.0545,-0.0518,0.0209,-0.0090,0.0127,-0.0339,0.0124,0.0299,-0.0009,-0.0558,0.0359,0.0350,-0.0287,-0.0128,-0.0043,-0.0207,0.0210,0.0023,0.0288,0.0285,-0.0071,0.0170,0.0120,0.0419,0.0089,-0.0168,0.0073,0.0140,0.0447,-0.0046,-0.0116,-0.0063,0.0360,0.0545,0.0318,-0.0161,0.0216,0.0069,0.0363,-0.0010,-0.0035,0.0405,0.0038,0.0061,-0.0365,-0.0091,-0.0045,0.0022,0.0579,0.0256,0.0292,0.0288,0.0159,-0.0274,-0.0174,0.0369,0.0459,-0.0550,-0.0487,-0.0244,0.0525,-0.0115,0.0111,-0.0253,0.0052,-0.0050,-0.0035,0.0111,0.0549,0.0419,-0.0371,-0.0411,0.0366,-0.0273,-0.0532,0.0096,0.0246,-0.0037,-0.0221,0.0219,0.0740,-0.0122,0.0424,0.0607,-0.0001,0.0196,-0.0258,0.0256,0.0555,0.0637,-0.0156,-0.0365,-0.0354,-0.0383,0.0892,0.1349,0.0341,0.0113,0.0070,-0.0259,-0.0632,0.0281,0.0352,-0.0701,0.0233,0.0797,0.0647,-0.0391,-0.0132,-0.0019,0.0377,-0.0103,0.0013,0.0283,0.0311,-0.0258,0.0147,0.0604,-0.0012,0.0034,-0.0015,0.0113,-0.0097,0.0399,0.0343,0.0092,-0.0277,0.0276,-0.0032,-0.0056,0.0019,0.2833,12.8984,1.1628,0.0000,0.0000,0.0000,0.0000,0.0000,0.0000,0.0000,0.0000
4.1027,0.0000,0.0000,0.0000,0.0000,0.0000,0.0000,0.0000,0.0000,0.0000,-7.1310,-2.4616,0.0238,-0.0092,-0.0275,-0.0285,-0.0304,0.0304,0.0880,0.1149,0.0333,0.0010,0.0649,0.0388,-0.0147,0.0104,0.0232,0.0117,0.0608,0.0373,0.0058,0.0166,0.0205,-0.0089,0.0201,0.0309,0.0076,0.0661,0.0524,0.0247,0.0223,0.0172,0.0145,0.0025,0.0555,0.0152,-0.0064,0.0535,0.0572,-0.0227,-0.0417,0.0007,0.0145,-0.0121,-0.0065,0.0075,0.0218,-0.0277,0.0139,0.0646,0.0114,0.0040,-0.0153,0.0123,0.0088,0.0398,0.0209,0.0231,-0.0244,-0.0269,0.0199,0.0148,0.0089,-0.0061,-0.0029,0.0241,0.0216,0.0353,0.0416,0.0183,0.0388,-0.0249,0.0109,0.0238,-0.0361,0.0180,0.0124,-0.0043,-0.0070,0.0517,0.0115,0.0418,0.0620,0.0637,0.0073,0.0133,0.0152,0.0456,-0.0328,0.0150,0.0543,0.0553,0.0492,0.0232,-0.0236,0.0026,-0.0012,0.0295,-0.0470,-0.0121,0.0060,0.0317,-0.0358,0.0392,0.0068,0.0306,-0.0143,-0.0033,0.0180,0.0055,-0.0015,-0.0539,0.0606,0.0316,-0.0029,-0.0057,0.0067,-0.0112,0.0715,0.0137,0.0124,-0.0357,-0.0212,0.0655,0.0148,-0.0115,0.0541,0.0081,0.0222,0.0118,-0.0199,-0.0128,0.0620,0.0567,-0.0271,-0.0287,-0.0199,0.0701,-0.0020,-0.0245,-0.0202,0.0071,0.0183,-0.0498,0.0236,0.0425,0.0202,0.0961,0.0059,0.0383,0.1136,-0.0309,0.0045,0.0203,0.0003,-0.0207,0.0087,-0.0367,0.0088,-0.0082,0.0135,0.0046,0.0229,-0.0130,-0.0449,0.0034,0.0029,-0.0114,-0.0021,0.0214,0.0122,0.0376,0.0248,0.0487,0.0307,0.0018,-0.0314,-0.0080,0.0110,0.0160,0.0092,-0.0058,0.0136,0.0273,0.0257,0.0305,0.0175,-0.0090,0.0032,0.0171,-0.0268,-0.0518,0.0036,0.0309,-0.0017,-0.0237,0.0237,0.0245,-0.0025,0.0254,0.0103,-0.0068,0.0369,-0.0170,0.0116,-0.0018,-0.0277,0.0031,0.0201,0.0241,0.0245,0.0145,0.0254,0.0140,0.0129,-0.0088,-0.0040,-0.0013,0.0081,0.0277,0.0181,0.0223,-0.0118,-0.0133,-0.0134,0.0384,0.0320,0.0059,0.0247,-0.0117,-0.0202,-0.0203,0.0080,0.0100,0.0249,0.0148,0.0078,0.0542,0.0287,0.0114,-0.0368,0.1103,0.0581,-0.0109,0.0087,0.0309,0.1002,0.0288,-0.0271,-0.0218,0.0829,-0.0649,0.0204,-0.0169,-0.0048,0.0225,0.0248,0.0062,0.0740,-0.0024,0.0284,-0.0105,-0.0400,-0.0570,0.0259,0.0410,0.0350,0.0040,0.0390,0.0451,-0.0671,-0.0259,-0.0135,0.0057,0.0303,0.0327,0.0086,-0.0510,-0.0324,-0.0416,0.0295,0.0707,0.1337,0.0525,0.0090,-0.0324,-0.0883,-0.0048,-0.0161,0.0253,0.0487,0.0439,0.0367,0.0440,0.0240,0.0168,0.0525,0.0190,0.0823,0.0198,0.0089,0.0280,-0.0275,0.0357,-0.0277,0.0166,0.0063,-0.0221,0.0217,0.0222,0.0334,-0.0155,0.0209,0.0104,0.0200,0.0353,0.0443,0.3385,12.8721,1.2292,0.0000,0.0000,0.0000,0.0000,0.0000,0.0000,0.0000,0.0000
3.9745,0.0000,0.0000,0.0000,0.0000,0.0000,0.0000,0.0000,0.0000,0.0000,-7.5189,-2.0347,0.0210,0.1104,0.0598,-0.0136,0.0439,0.0129,-0.0445,0.0373,0.0261,-0.0433,-0.0046,0.0018,-0.0094,-0.0087,0.0008,-0.0121,0.0060,0.0548,0.0230,0.0446,0.0558,-0.0083,0.0050,-0.0048,-0.0077,0.0550,0.0464,0.0368,0.0083,0.0096,0.0393,0.0127,0.0371,-0.0848,-0.0089,0.0857,0.0032,0.0620,-0.0360,-0.0228,0.0218,0.0259,0.0430,0.0416,-0.0026,-0.0316,0.0234,0.0729,0.0215,-0.0493,-0.0044,0.0336,-0.0175,0.0578,0.0224,0.0415,0.0244,-0.0116,0.0009,0.0102,-0.0138,0.0101,0.0008,-0.0144,0.0061,0.0076,0.0265,0.0465,-0.0104,-0.0449,0.0045,-0.0354,-0.0101,0.0102,-0.0245,-0.0170,0.0521,-0.0332,0.0210,-0.0131,-0.0248,-0.0010,0.0688,0.0040,0.0400,0.0491,-0.0388,0.0018,0.0002,0.0555,0.0217,-0.0069,-0.0093,-0.0097,0.0249,0.0180,0.0536,0.0240,-0.0244,-0.0224,-0.0189,0.0555,0.0213,0.0249,-0.0173,0.0393,0.0425,0.0022,0.0137,0.0090,0.0277,-0.0226,-0.0197,0.0057,0.0033,0.0218,0.0570,0.0300,0.0123,-0.0483,-0.0034,0.0233,0.0156,-0.0493,0.0206,0.0067,0.0449,0.0450,-0.0213,0.0233,-0.0169,0.0535,-0.0508,-0.0210,-0.0520,0.0837,0.0271,0.0227,0.0122,0.0389,0.0370,-0.0178,0.0677,-0.0193,0.0198,0.0134,-0.0017,-0.0533,-0.0261,-0.0018,-0.0001,0.0382,0.0460,-0.0022,0.0209,-0.0209,0.0378,0.0158,-0.0148,-0.0105,0.0097,0.0402,0.0432,0.0392,-0.0055,0.0158,0.0154,0.0398,-0.0060,-0.0271,0.0142,0.0320,0.0439,0.0040,-0.0274,-0.0109,0.0068,0.0129,-0.0063,-0.0083,-0.0176,0.0137,0.0226,0.0237,0.0046,0.0308,0.0227,0.0249,-0.0082,-0.0121,0.0289,0.0171,0.0094,0.0057,0.0123,0.0150,0.0213,0.0406,0.0252,0.0097,0.0472,-0.0339,0.0099,-0.0114,-0.0073,-0.0066,0.0173,-0.0175,0.0199,0.0524,0.0622,0.0151,0.0512,0.0109,-0.0105,0.0044,0.0259,0.0305,0.0267,0.0621,0.0075,0.0282,0.0051,0.0341,0.0039,0.0438,0.0209,-0.0151,-0.0021,0.0074,-0.0345,-0.0083,0.0064,-0.0141,0.0201,0.0536,0.0491,-0.0020,-0.0269,-0.0100,0.0706,0.0158,-0.0012,0.0115,0.0468,-0.0052,-0.0158,0.0044,-0.0090,-0.0237,0.0590,0.0358,-0.0217,-0.0096,0.0262,-0.0100,0.0145,0.0284,0.0630,0.0412,-0.0286,-0.0412,0.0069,0.0670,0.0076,-0.0150,-0.0362,0.0616,0.0158,-0.0087,0.0426,0.0180,0.0158,-0.0033,-0.0473,-0.0131,0.0373,-0.0201,-0.0869,0.0279,0.0715,0.0370,0.0509,-0.0105,-0.0593,-0.0390,0.0504,0.1141,0.0787,-0.0148,0.0113,0.0376,0.0130,-0.0371,0.0551,0.0126,-0.0033,0.0651,-0.0094,0.0355,0.0506,0.0610,0.0386,-0.0385,0.0187,0.0277,-0.0184,-0.0347,0.0156,-0.0329,0.0803,-0.0075,-0.0501,0.0418,0.0328,0.3563,12.7950,1.2912,0.0000,0.0000,0.0000,0.0000,0.0000,0.0000,0.0000,0.0000
3.8463,0.0000,0.0000,0.0000,0.0000,0.0000,0.0000,0.0000,0.0000,0.0000,-7.9050,-1.6094,0.0039,0.0359,-0.0550,-0.0370,0.0383,0.0329,-0.0123,0.0414,0.0078,-0.0085,-0.0100,-0.0123,0.0285,-0.0301,-0.0124,0.0293,-0.0274,0.0163,-0.0005,0.0260,0.0659,-0.0071,0.0149,0.0207,-0.0207,0.0515,-0.0012,0.0066,0.0006,0.0055,0.0483,-0.0234,0.0547,0.0230,0.0021,0.0188,-0.0004,-0.0149,0.0058,-0.0038,-0.0259,0.0255,0.0705,0.0005,0.0222,0.0419,0.0042,-0.0078,0.0318,0.0318,0.0083,0.0164,-0.0251,0.0340,0.0078,0.0032,0.0214,0.0345,0.0118,0.0262,-0.0228,0.0034,0.0296,-0.0058,0.0235,0.0087,0.0021,-0.0253,0.0482,0.0307,0.0203,-0.0055,0.0063,-0.0279,-0.0101,-0.0219,0.0169,0.0546,0.0400,0.0255,-0.0211,0.0144,0.0071,-0.0244,-0.0724,0.0045,0.0028,0.0434,0.0478,0.0116,-0.0183,-0.0005,0.0037,-0.0151,-0.0394,0.0132,0.1145,-0.0100,-0.0360,-0.0064,0.0522,0.0385,0.0026,0.0076,0.0120,0.0036,0.0248,0.0182,0.0231,0.0638,-0.0136,-0.0599,0.0101,0.0278,-0.0314,0.0333,0.0071,0.0349,0.0377,0.0012,-0.0044,0.0746,0.0255,0.0034,0.0283,-0.0238,0.0014,0.0035,0.0132,0.0663,0.0284,0.0882,0.0177,0.0720,0.0195,0.0037,-0.0026,0.0233,-0.0754,0.0520,-0.0036,-0.0525,0.0777,0.0234,-0.0183,0.0187,-0.0137,-0.0123,-0.0056,-0.0306,-0.0227,0.0101,0.0636,0.0113,-0.0011,-0.0035,0.0368,0.0094,-0.0037,-0.0121,-0.0284,0.0025,0.0301,0.0197,0.0209,0.0631,0.0359,-0.0252,-0.0070,-0.0088,0.0257,0.0359,0.0174,0.0151,0.0140,0.0107,-0.0262,0.0184,0.0077,-0.0381,-0.0148,0.0466,0.0157,0.0135,-0.0217,0.0292,-0.0107,-0.0273,0.0370,-0.0020,0.0524,-0.0175,0.0094,0.0395,0.0365,0.0107,0.0356,0.0444,0.0260,-0.0182,0.0380,-0.0011,0.0268,0.0357,0.0171,0.0078,0.0037,0.0160,0.0209,0.0330,0.0278,-0.0182,0.0178,0.0145,-0.0097,-0.0451,0.0339,0.0424,-0.0263,0.0451,0.0019,0.0169,0.0397,0.0295,0.0264,0.0248,0.0179,0.0209,-0.0021,0.0067,-0.0236,-0.0450,-0.0629,0.0487,0.0476,0.0704,0.0879,-0.0060,-0.0020,-0.0003,0.0257,0.0195,0.0753,0.0281,-0.0582,-0.0087,-0.0277,-0.0306,0.0073,0.0006,-0.0105,0.0089,0.0177,-0.0011,-0.0106,-0.0295,-0.0069,-0.0022,0.0522,0.0283,0.0573,-0.0003,-0.0013,0.0464,0.0166,-0.0279,-0.0216,0.0382,0.0020,-0.0575,0.0200,0.1032,0.0151,0.0154,0.0032,0.0016,0.0137,-0.0277,-0.0343,-0.0180,0.0306,0.0095,-0.0795,-0.0156,0.0011,0.0434,0.0378,0.1034,0.0297,-0.0006,0.0368,0.0578,-0.0241,-0.0321,-0.0124,0.0671,-0.0044,-0.0094,0.0247,-0.0161,0.0203,0.0747,0.0783,-0.0241,0.0004,0.0310,0.0143,0.0124,0.0003,0.0204,0.0305,-0.0023,0.0218,0.0114,-0.0170,0.0073,12.8135,1.3677,0.0000,0.0000,0.0000,0.0000,0.0000,0.0000,0.0000,0.0000
3.7181,0.0000,0.0000,0.0000,0.0000,0.0000,0.0000,0.0000,0.0000,0.0000,-8.2689,-1.2759,0.0461,0.0517,-0.0128,-0.0130,-0.0304,0.0543,0.0508,0.0035,-0.0226,0.0450,0.0506,0.0356,0.0137,-0.0265,-0.0322,0.0501,-0.0362,-0.0081,0.0096,0.0131,0.0487,0.0029,0.0168,0.0243,0.0041,-0.0202,-0.0073,0.0070,0.0434,0.0525,0.0103,0.0045,0.0399,0.0472,0.0465,-0.0218,0.0214,0.0391,0.0373,0.0247,0.0574,0.0077,0.0212,0.0053,0.0745,0.0558,-0.0336,-0.0138,0.0206,0.0381,0.0133,0.0286,0.0214,0.0156,0.0360,-0.0211,0.0182,0.0709,0.0420,0.0342,0.0102,-0.0042,0.0406,-0.0191,0.0342,0.0100,-0.0543,-0.0503,0.0393,0.0441,0.0557,0.0239,0.0871,-0.0662,-0.0241,0.0898,-0.0045,0.0018,0.0508,0.0190,0.1023,0.0642,-0.0073,-0.0099,-0.0591,-0.0404,-0.0125,0.0331,0.0150,0.0072,-0.0447,0.0521,0.0370,-0.0066,-0.0446,0.0120,0.0664,-0.0306,0.0030,-0.0349,0.0573,0.0178,0.0122,0.0078,0.0617,-0.0073,0.0278,-0.0174,0.0058,-0.0235,-0.0136,-0.0185,0.0341,0.0395,0.0436,0.0753,0.0077,0.0401,-0.0013,-0.0133,0.0014,0.0036,0.0481,0.0228,0.0303,0.0059,0.0041,0.0087,0.0160,0.0001,-0.0025,0.0140,-0.0360,0.0083,0.0305,0.0779,0.0221,0.0104,0.0564,0.0126,0.0155,0.0099,-0.0163,-0.0264,-0.0029,0.0266,0.0121,0.0607,0.0748,0.0404,0.0303,0.0754,-0.0235,-0.0311,-0.0402,0.0115,-0.0288,0.0174,0.0083,0.0444,0.0362,0.0304,-0.0130,-0.0237,0.0451,0.0707,0.0128,-0.0403,0.0134,0.0226,0.0295,0.0139,0.0287,0.0417,0.0257,0.0155,0.0039,0.0156,0.0134,-0.0370,0.0119,0.0296,-0.0226,0.0299,0.0244,0.0249,-0.0421,-0.0143,0.0239,0.0212,0.0650,-0.0149,0.0146,0.0484,0.0117,0.0085,0.0350,0.0461,-0.0053,0.0009,0.0338,0.0269,0.0227,0.0125,-0.0145,0.0106,-0.0135,0.0345,0.0106,0.0027,-0.0127,-0.0358,-0.0144,0.0151,0.0180,-0.0437,0.0072,0.0219,-0.0101,0.0702,-0.0102,-0.0346,-0.0160,0.0211,0.0163,-0.0232,0.0348,0.0823,0.0463,0.0470,0.0197,-0.0490,-0.0212,0.0624,0.0074,0.0198,0.0329,-0.0114,-0.0573,-0.0320,0.0525,0.0216,0.0225,0.0218,-0.0069,-0.0300,-0.0239,0.0159,0.0345,0.0450,0.0074,0.0199,0.0267,0.0470,-0.0321,-0.0300,0.0139,0.0301,-0.0085,0.0298,0.0269,0.0494,0.0131,0.0163,0.0072,0.0575,-0.0495,0.0543,-0.0047,-0.0951,-0.0067,0.0727,0.0606,0.0515,0.0083,0.0289,-0.0249,0.0400,-0.0226,-0.0371,-0.0083,-0.0496,-0.0603,-0.0105,0.0627,0.0313,0.0092,0.0281,-0.0247,-0.0044,0.0455,0.0477,-0.0035,0.0134,0.0222,0.0687,0.0494,-0.0182,0.0026,-0.0050,-0.0380,-0.0172,0.0344,0.0039,0.0120,-0.0304,-0.0098,-0.0113,0.0089,0.0488,0.0199,-0.0053,0.0294,0.0213,0.0155,0.1273,12.7945,1.4355,0.0000,0.0000,0.0000,0.0000,0.0000,0.0000,0.0000,0.0000
3.5898,0.0000,0.0000,0.0000,0.0000,0.0000,0.0000,0.0000,0.0000,0.0000,-8.6305,-0.8694,-0.0052,0.0281,-0.0079,0.0307,0.0162,-0.0066,0.0135,-0.0419,-0.0067,0.0791,0.0691,0.0278,0.0110,0.0143,-0.0187,0.0447,-0.0070,-0.0009,0.0170,-0.0034,0.0090,-0.0167,0.0043,-0.0007,0.0055,0.0038,0.0220,0.0023,0.0568,0.1106,-0.0172,-0.0016,0.0720,0.0571,0.0304,-0.0144,-0.0190,0.0130,-0.0043,0.0332,-0.0015,-0.0225,0.0284,0.0208,0.0035,0.0144,-0.0225,0.0036,-0.0319,0.0362,0.0245,-0.0039,0.0248,0.0617,0.0625,-0.0044,0.0268,0.0665,0.0227,0.0280,0.0222,-0.0148,0.0200,0.0303,0.0435,0.0095,0.0065,-0.0110,0.0176,-0.0625,0.0099,0.0530,0.1010,-0.0135,0.0158,0.0632,0.0624,-0.0064,0.0208,0.0030,-0.0450,0.0150,0.0201,0.0601,0.0005,0.0192,0.0163,0.0052,0.0203,-0.0013,-0.0486,-0.0175,-0.0122,-0.0077,-0.0325,0.0025,0.0822,0.0291,0.0182,-0.0447,0.0675,-0.0120,-0.0319,0.0016,0.0510,0.0370,0.1001,0.0227,0.0417,-0.0292,-0.0096,-0.0045,0.0126,-0.0404,0.0115,0.0462,0.0199,0.0629,0.0434,0.0105,-0.0069,0.0110,-0.0230,-0.0154,0.0574,0.0217,-0.0137,0.0032,0.0491,0.0580,0.0528,-0.0280,0.0076,-0.0300,-0.0363,0.0280,-0.0043,0.0158,0.0562,0.1026,0.0499,-0.0209,-0.0298,-0.0103,-0.0386,-0.0004,-0.0171,0.0571,0.0305,0.0144,0.0328,0.0376,-0.0125,-0.0401,-0.0067,0.0160,-0.0172,-0.0028,-0.0171,0.0476,0.0530,0.0171,-0.0220,-0.0182,0.0243,0.0860,0.0043,-0.0057,0.0173,0.0142,0.0615,-0.0209,-0.0018,0.0266,0.0186,-0.0100,0.0196,0.0445,0.0270,0.0214,0.0175,0.0111,-0.0133,0.0281,0.0658,-0.0008,-0.0211,0.0045,0.0058,0.0552,0.0599,0.0086,0.0433,0.0465,-0.0344,0.0087,0.0268,0.0387,-0.0104,0.0218,0.0383,-0.0115,0.0248,-0.0085,-0.0332,0.0383,0.0194,0.0114,0.0444,-0.0136,-0.0373,0.0209,-0.0003,0.0161,0.0174,-0.0211,-0.0369,-0.0234,0.0533,0.0893,0.0004,-0.0309,-0.0052,-0.0400,-0.0712,0.0097,0.0031,0.0200,0.0228,0.0526,-0.0056,-0.0166,0.0301,0.0239,-0.0634,-0.0329,0.0354,0.0752,-0.0581,-0.0553,0.0261,0.0473,-0.0131,-0.0292,0.0188,0.0181,0.0059,-0.0206,-0.0100,0.0523,0.0025,0.0061,0.0402,0.0066,-0.0459,0.0022,0.0198,-0.0247,0.0316,-0.0467,-0.0476,-0.0265,0.0252,0.0149,-0.0305,0.0280,0.0335,0.0495,0.0573,0.0143,0.0361,0.0507,0.0135,0.0812,0.0360,0.0357,-0.0485,0.0285,-0.0903,-0.0589,0.0231,0.0087,0.0426,0.1008,0.0081,0.0225,0.0396,-0.0354,-0.0363,0.0297,-0.0063,0.0248,0.0403,0.0274,0.0457,-0.0071,0.0028,0.0312,-0.0320,0.0107,-0.0169,-0.0436,0.0084,-0.0204,-0.0128,0.0179,-0.0387,-0.0105,0.0009,0.0401,-0.0344,0.0307,0.0665,0.0280,0.0162,0.2721,12.6978,1.4934,0.0000,0.0000,0.0000,0.0000,0.0000,0.0000,0.0000,0.0000
3.4616,0.0000,0.0000,0.0000,0.0000,0.0000,0.0000,0.0000,0.0000,0.0000,-9.0369,-0.4776,0.0567,-0.0774,0.0067,0.0485,-0.0060,-0.0609,0.0242,-0.0206,-0.0098,0.0299,0.0574,-0.0246,0.0451,0.0406,-0.0084,0.0501,0.0425,0.0068,0.0267,0.0110,-0.0042,0.0208,0.0321,-0.0340,-0.0230,0.0314,0.0190,0.0008,0.0166,0.0591,0.0539,0.0282,0.0308,-0.0070,-0.0137,-0.0510,0.0177,0.0443,-0.0267,-0.0360,-0.0171,0.0456,0.0088,0.0449,0.0068,0.0104,0.0513,0.0209,-0.0382,0.0354,0.0254,-0.0549,0.0007,0.0437,0.0220,-0.0075,0.0413,0.0633,0.0243,-0.0045,0.0305,0.0107,0.0010,0.0507,0.0400,0.0261,0.0616,0.0328,-0.0323,-0.0365,0.0402,-0.0354,0.0012,-0.0016,-0.0333,0.0213,0.0098,0.0327,0.0412,0.0313,-0.0539,-0.0851,-0.0037,-0.0289,-0.0375,0.0704,0.0330,0.0133,0.0200,0.0405,0.0320,0.0847,0.0024,0.0197,-0.0555,-0.0060,0.0403,0.0251,0.0320,-0.0268,0.0912,0.0023,-0.0076,0.0211,-0.0545,0.0202,0.0702,0.0451,0.0021,0.0454,0.0329,0.0415,-0.0009,-0.0545,-0.0858,0.0062,-0.0429,0.0175,0.0332,0.0034,0.0285,0.0451,0.0291,-0.0460,0.0289,0.0235,-0.0026,0.0234,0.0208,0.0580,0.0168,-0.0063,0.0216,0.0290,-0.0149,0.0758,-0.0557,0.0135,0.0108,0.0382,0.0295,-0.0421,0.0244,0.0042,-0.0384,-0.0286,-0.0219,0.0101,0.0057,0.0056,-0.0001,0.0188,-0.0493,-0.0459,-0.0075,0.0292,0.0045,-0.0141,0.0171,0.0271,0.0080,-0.0240,-0.0118,-0.0193,-0.0224,0.0477,0.0260,-0.0130,0.0238,-0.0113,0.0432,0.0119,0.0333,-0.0285,-0.0016,-0.0021,0.0047,0.0469,0.0374,0.0365,0.0370,0.0325,0.0352,-0.0162,0.0314,0.0308,-0.0080,0.0028,-0.0013,0.0438,0.0325,-0.0182,0.0357,0.0251,-0.0231,0.0078,0.0036,0.0189,0.0466,0.0274,-0.0063,-0.0353,0.0488,-0.0186,-0.0088,0.0045,0.0243,-0.0072,0.0095,-0.0161,0.0238,0.0361,-0.0215,0.0283,-0.0154,0.0283,-0.0586,-0.0220,0.0198,0.0339,-0.0011,0.0183,-0.0390,0.0161,-0.0200,0.0076,0.0341,-0.0222,-0.0067,0.0490,-0.0230,0.0185,0.1337,0.0352,-0.0740,-0.0045,0.0540,0.0258,0.0084,-0.0375,0.0204,-0.0100,0.0676,0.0215,0.0163,0.0465,0.0332,-0.0298,0.0405,0.0454,-0.0153,0.0347,0.0115,-0.0055,0.0255,-0.0249,0.0401,-0.0094,-0.0106,0.0002,-0.0095,-0.0332,0.0425,0.0257,-0.0281,-0.0320,-0.0037,0.0231,0.0465,0.0241,0.0165,0.0095,0.0273,-0.0104,0.0247,0.0476,0.0182,0.0601,-0.0440,-0.0357,-0.0349,0.0062,-0.0004,0.0567,0.0763,-0.0189,0.0325,0.0315,0.0153,0.0293,0.0291,-0.0537,0.0130,0.0253,0.0325,-0.0201,0.0022,0.0279,-0.0157,-0.0193,0.0082,0.0341,-0.0117,0.0217,0.0211,-0.0276,-0.0019,-0.0280,0.0055,-0.0079,-0.0624,0.0103,0.0103,0.0278,-0.0272,0.3230,12.5798,1.5495,0.0000,0.0000,0.0000,0.0000,0.0000,0.0000,0.0000,0.0000
3.3334,0.0000,0.0000,0.0000,0.0000,0.0000,0.0000,0.0000,0.0000,0.3564,-9.7779,-0.1178,0.0153,0.0610,0.0683,0.0058,0.0184,-0.0152,0.0239,0.0022,0.0261,0.0190,0.0342,-0.0584,0.0321,0.0336,-0.0157,0.0441,0.0560,0.0082,-0.0134,-0.0233,0.0123,0.0480,0.0121,0.0094,-0.0036,0.0520,0.0149,0.0156,-0.0006,-0.0925,-0.0158,0.0342,0.0321,-0.0545,0.0338,0.0887,0.0674,-0.0158,0.0247,-0.0314,0.0188,0.0521,0.0625,0.0402,0.0417,0.0056,0.0504,0.0416,-0.0066,0.0446,0.0011,0.0095,0.0708,0.0018,-0.0102,-0.0283,0.0452,0.0674,0.0187,0.0198,0.0591,0.0715,-0.0119,0.0391,0.0026,0.0257,-0.0165,0.0113,0.0226,0.0119,0.0821,-0.0356,0.0354,0.0503,0.0064,-0.0047,-0.0008,0.0152,-0.0306,0.0044,-0.0186,0.0308,0.0788,-0.0254,-0.0645,0.0157,0.0315,-0.0114,-0.0226,0.0161,0.0338,0.0980,0.0571,0.0510,-0.0227,0.0247,0.0043,0.0280,0.0229,-0.0553,0.0397,0.0061,0.0438,0.0386,-0.0623,0.0024,0.0248,0.0042,-0.0436,0.0226,0.0368,0.1140,0.0238,0.0139,-0.0107,0.0685,0.0334,-0.0169,0.0019,0.0630,0.0552,-0.0186,-0.0141,-0.0038,0.0248,0.0904,0.0103,0.0012,-0.0129,0.0095,0.0285,-0.0560,0.0169,0.0065,0.0511,0.0316,-0.0450,-0.0265,0.0469,-0.0052,0.0022,0.0005,0.0162,-0.0114,0.0273,-0.0479,0.0065,0.0668,-0.0052,-0.0162,-0.0208,0.0388,-0.0509,-0.0024,0.0240,0.0148,0.0095,0.0037,0.0251,-0.0114,-0.0229,0.0947,-0.0239,-0.0129,-0.0085,-0.0441,0.0453,-0.0020,0.0674,0.0067,0.0021,0.0531,0.0371,-0.0375,0.0229,-0.0012,-0.0019,0.0191,0.0422,0.0237,0.0523,-0.0011,0.0294,-0.0107,0.0092,0.0558,-0.0002,0.0250,-0.0129,0.0147,0.0274,0.0298,0.0117,0.0164,0.0064,-0.0063,0.0121,-0.0176,0.0199,0.0668,0.0026,-0.0260,0.0034,-0.0349,0.0092,0.0468,-0.0025,-0.0443,-0.0230,0.0309,0.0158,0.0207,0.0237,0.0235,-0.0084,-0.0051,0.0163,-0.0221,-0.0235,0.0045,-0.0035,0.0534,-0.0042,0.0249,0.0337,-0.0121,0.0023,0.0259,-0.0106,-0.0236,-0.0161,0.0038,0.0904,0.0679,0.0299,0.0467,0.0105,-0.0390,-0.0303,-0.0039,0.0044,-0.0307,0.0345,0.0545,-0.0401,0.0819,0.0620,0.0280,0.0363,0.0046,-0.0099,0.0229,0.0420,0.0308,0.0029,0.0041,0.0562,-0.0439,-0.0745,0.0678,0.0180,0.0234,-0.0072,0.0503,0.0345,-0.0115,-0.0731,0.0699,0.0422,-0.0162,0.0127,0.0088,0.0229,-0.0242,-0.0208,0.0065,0.0082,0.0031,0.0337,-0.0002,-0.0119,-0.0132,0.0167,0.0131,0.0048,-0.0110,0.0032,0.0584,0.0583,-0.0383,-0.0024,0.0071,0.0606,0.0093,0.0161,-0.0409,-0.0413,0.0532,0.0612,-0.0183,0.0214,0.0417,-0.0177,0.0067,0.0230,-0.0092,0.0071,0.0226,0.0671,0.0637,-0.0096,0.0017,-0.0090,0.0370,-0.0097,0.0745,12.5609,1.6236,0.0000,0.0000,0.0000,0.0000,0.0000,0.0000,0.0000,0.0000
3.2052,0.0000,0.0000,0.0000,0.0000,0.0000,0.0000,0.0000,0.0000,2.0785,-11.5764,0.0263,0.0087,0.0249,0.0869,-0.0570,0.0357,-0.0077,-0.0302,0.0192,0.0595,0.0121,0.0345,-0.0245,-0.0054,0.0217,-0.0199,0.0112,0.0345,0.0153,-0.0195,0.0071,0.0415,0.0567,0.0196,0.0162,-0.0162,0.0024,-0.0184,0.0762,0.0494,-0.0891,-0.0243,-0.0041,-0.0151,0.0028,0.0209,0.0477,0.0337,-0.0307,0.0054,-0.0270,-0.0178,0.0203,0.0171,-0.0531,0.0690,0.0146,0.0573,0.0386,0.0141,0.0039,-0.0235,0.0251,0.0697,-0.0182,0.0065,0.0247,0.0484,0.0198,0.0076,0.0450,0.0148,0.0291,0.0276,0.0786,0.0044,0.0553,-0.0445,0.0439,0.0053,-0.0973,0.0098,-0.0342,-0.0028,0.0265,0.0335,0.0156,0.0538,0.0566,-0.1184,0.0083,-0.0578,0.0079,0.0452,0.0373,0.0695,0.0015,-0.0107,-0.0100,-0.0370,-0.0187,-0.0261,-0.0311,-0.0160,0.0757,0.0302,0.0336,0.0237,0.0439,0.0153,-0.0101,-0.0018,-0.0325,0.0358,0.0208,-0.0102,0.0356,0.0342,-0.0435,0.0317,0.0387,0.0306,0.0405,-0.0204,0.0583,0.0485,0.0946,0.0054,-0.0146,0.0186,0.0317,0.0031,-0.0402,-0.0303,-0.0162,-0.0160,0.0561,-0.0020,-0.0676,-0.0090,0.0420,0.0567,-0.0122,-0.0702,0.0217,0.0248,0.0136,0.0396,0.0101,0.0078,-0.0370,0.0572,-0.0118,0.0234,-0.0196,0.0059,-0.0272,0.0086,0.0151,0.0464,-0.0156,0.0157,0.0425,-0.0041,0.0486,-0.0104,0.0306,0.0404,-0.0127,0.0066,0.0103,0.0080,0.0809,-0.0173,0.0254,-0.0174,-0.0382,0.0285,0.0317,0.0418,0.0170,0.0263,-0.0043,0.0216,0.0284,0.0150,0.0084,-0.0162,-0.0203,0.0514,-0.0016,0.0329,-0.0033,0.0258,0.0079,-0.0047,0.0335,0.0269,0.0151,-0.0408,0.0054,0.0310,0.0583,0.0258,0.0168,0.0087,-0.0319,0.0268,0.0398,-0.0008,0.0362,0.0328,-0.0213,0.0051,0.0029,0.0063,0.0441,-0.0323,-0.0590,0.0200,0.0154,-0.0051,0.0326,0.0522,0.0040,-0.0107,0.0350,0.0150,0.0188,-0.0343,-0.0123,0.0213,-0.0047,0.0368,0.0422,0.0358,0.0057,-0.0446,0.0318,-0.0026,-0.0250,-0.0235,-0.0514,0.0043,0.0324,0.0610,0.0090,-0.0344,-0.0260,0.0146,0.0638,0.0336,0.0063,-0.0103,-0.0317,-0.0178,-0.0397,0.0182,0.0783,0.0229,-0.0052,0.0524,0.0010,0.0059,-0.0131,0.0347,0.0189,0.0039,-0.0535,-0.0014,0.0264,0.0140,-0.0123,0.0143,0.0264,0.0818,-0.0057,0.0244,0.1106,0.0308,-0.0103,-0.0050,0.0296,0.0115,-0.0060,-0.0571,0.0125,0.0408,0.0290,-0.0401,0.0416,0.0092,0.0442,-0.0052,-0.0325,0.0389,0.0186,-0.0183,0.0352,0.0242,-0.0382,-0.0023,0.0205,0.0437,0.0459,0.0243,0.0001,0.0162,0.0945,0.0076,-0.0051,0.0269,-0.0120,-0.0160,0.0340,0.0231,-0.0397,-0.0471,0.0005,0.0390,0.0145,0.0176,0.0116,-0.0121,0.0243,-0.0047,0.0561,12.5810,1.6999,0.0000,0.0000,0.0000,0.0000,0.0000,0.0000,0.0000,0.0000
3.0770,0.0000,0.0000,0.0000,0.0000,0.0000,0.0000,0.0000,0.0000,2.7980,-12.2452,0.0365,-0.0071,0.0191,0.0309,-0.0162,-0.0061,-0.0115,-0.0288,-0.0401,0.0314,-0.0116,0.0229,0.0271,-0.0099,0.0020,0.0108,-0.0101,-0.0052,0.0309,0.0113,0.0590,0.0669,0.0651,0.0357,-0.0256,-0.0183,0.0314,-0.0076,0.0531,0.0681,0.0104,0.0051,-0.0147,0.0033,0.0554,0.0031,0.0717,0.0730,0.0387,0.0083,0.1109,0.0183,0.0159,0.0016,-0.0365,-0.0070,0.0333,0.0270,-0.0155,0.0575,-0.0095,0.0270,0.0246,0.0142,-0.0496,-0.0488,0.0366,0.0310,0.0094,0.0423,0.0486,-0.0032,-0.0451,-0.0360,-0.0143,-0.0142,0.0624,-0.0051,0.0010,-0.0251,0.0820,0.0008,-0.0513,-0.0763,-0.0360,-0.0055,0.0389,0.0951,0.0467,0.0275,-0.0514,0.0365,-0.0558,-0.0093,-0.0016,0.0491,0.0021,-0.0509,0.0260,0.0682,0.0687,-0.0000,0.0053,-0.0179,-0.0624,0.0243,0.0210,0.0298,0.0126,0.0167,0.0389,0.0350,0.0082,0.0034,0.0214,-0.0076,0.0261,0.0092,-0.0389,0.0401,0.0429,0.0559,-0.0184,-0.0631,0.0292,0.0304,-0.0244,-0.0104,-0.0018,0.0298,0.0582,-0.0229,-0.0196,0.0293,-0.0203,0.0229,-0.0171,-0.0066,-0.0048,0.0503,-0.0029,0.0158,-0.0267,-0.0159,0.0245,-0.0345,-0.0151,-0.0253,0.0486,-0.0648,0.0175,0.0543,-0.0008,-0.0316,-0.0667,-0.0348,-0.0047,0.0205,-0.0148,0.0128,0.0448,-0.0455,-0.0040,-0.0177,0.0085,0.0467,0.0252,-0.0039,0.0056,0.0010,-0.0049,0.0367,0.0305,-0.0161,0.0418,-0.0035,-0.0090,-0.0076,-0.0112,0.0018,0.0302,-0.0176,-0.0159,0.0520,0.0671,-0.0361,0.0418,0.0061,-0.0246,0.0164,0.0001,0.0515,0.0395,0.0441,0.0134,-0.0267,-0.0044,0.0538,-0.0143,-0.0348,0.0332,0.0331,0.0001,-0.0005,0.0444,-0.0009,-0.0029,0.0447,0.0487,0.0040,0.0071,0.0094,0.0503,-0.0232,0.0385,-0.0056,0.0238,-0.0024,-0.0137,0.0456,-0.0364,0.0178,-0.0048,0.0589,0.0035,0.0510,0.0142,-0.0039,0.0138,0.0020,-0.0042,0.0171,0.0098,0.0637,0.0288,-0.0036,0.0255,0.0153,-0.0056,0.0082,-0.0343,-0.0015,0.0269,0.0297,0.0759,-0.0309,-0.0183,-0.0912,-0.0347,-0.0083,0.0921,0.0465,0.0668,-0.0019,0.0727,0.0386,-0.0128,-0.0402,0.0986,-0.0558,-0.0805,0.0221,-0.0153,-0.0117,-0.0149,0.0435,0.0502,0.0009,0.0394,0.0214,0.0329,0.0119,-0.0143,-0.0275,0.0217,0.0219,-0.0137,-0.0226,0.0963,0.0492,0.0062,0.0273,0.0096,0.0598,0.0207,-0.0240,0.0174,0.0278,-0.0057,-0.0255,-0.0273,-0.0196,0.0465,-0.0433,-0.0236,0.0227,0.0282,0.0052,-0.0017,-0.0093,0.0435,0.0401,0.0149,0.0319,-0.0011,0.0136,-0.0186,0.0460,0.0416,-0.0207,-0.0159,0.0080,0.0061,-0.0309,0.0029,0.0281,-0.0005,0.0244,0.0238,-0.0068,0.0076,-0.0222,0.0202,-0.0181,0.0337,0.0178,0.0948,12.5380,1.7668,0.0000,0.0000,0.0000,0.0000,0.0000,0.0000,0.0000,0.0000
2.9488,0.0000,0.0000,0.0000,0.0000,0.0000,0.0000,0.0000,0.0000,2.4123,-11.7766,0.0195,-0.0404,-0.0412,-0.0360,-0.0379,0.0014,0.0435,0.0256,-0.0023,0.0143,-0.0096,0.0054,0.0151,0.0220,-0.0166,-0.0314,0.0366,-0.0598,-0.0129,0.0337,-0.0114,0.0130,0.0674,0.0074,-0.0497,-0.0095,0.0494,-0.0089,-0.0396,-0.0025,0.0789,0.0690,-0.0103,-0.0125,0.0783,0.0329,-0.0220,0.0070,0.0686,0.0534,0.0240,0.0499,0.0491,0.0202,0.0308,-0.0199,0.0162,-0.0133,-0.0183,-0.0167,0.0417,0.0426,0.0377,0.0608,-0.0217,-0.0192,-0.0319,-0.0298,0.0346,0.0337,0.0502,0.0187,0.0072,0.0232,-0.0753,0.0220,0.0759,-0.0090,-0.0207,0.0056,0.0942,0.0057,-0.0226,0.0087,-0.0279,-0.0592,-0.0160,-0.0084,0.0116,-0.0130,0.0030,0.0450,0.0263,0.0575,-0.0117,0.0025,0.0049,-0.0151,0.0561,0.0886,0.0720,0.0115,-0.0140,0.0065,-0.0457,0.0041,-0.0024,0.0408,-0.0185,-0.0114,0.0155,0.0167,0.0573,-0.0149,0.0504,0.0245,0.0173,-0.0313,-0.0081,0.0544,-0.0024,0.0195,0.0214,0.0159,0.0192,-0.0012,-0.0287,0.0089,0.0129,0.0370,0.0065,0.0585,0.0655,0.0349,0.0012,0.0423,0.0049,0.0045,-0.0004,0.0582,-0.0608,0.0095,0.0009,0.0672,0.0087,0.0068,0.0325,0.0045,-0.0493,0.0039,0.0236,0.0192,-0.0109,-0.0751,0.0155,0.0097,0.0347,0.0047,0.0014,-0.0122,0.0308,-0.0319,0.0043,-0.0052,0.0352,0.0581,0.0141,-0.0084,0.0082,-0.0368,0.0020,0.0318,0.0432,-0.0219,0.0013,0.0300,0.0142,-0.0012,-0.0212,0.0043,0.0178,-0.0163,0.0209,0.0462,0.0650,-0.0438,0.0151,0.0625,0.0315,0.0048,0.0403,0.0272,0.0531,0.0588,0.0190,-0.0098,-0.0086,0.0238,-0.0047,-0.0033,0.0276,0.0088,-0.0517,0.0052,0.0552,0.0194,-0.0100,0.0253,0.0409,0.0193,0.0105,-0.0540,0.0069,-0.0326,0.0188,0.0042,0.0216,0.0447,-0.0185,0.0028,-0.0587,0.0301,-0.0443,-0.0075,0.0303,0.0469,0.0018,-0.0361,0.0105,-0.0032,-0.0133,-0.0106,0.0406,0.0424,-0.0194,-0.0324,0.0306,-0.0215,0.0378,-0.0050,0.0186,0.0341,0.0510,0.0912,0.0786,-0.0660,-0.1223,-0.0253,0.0385,-0.0363,0.1041,0.0020,-0.0003,0.0612,0.0256,0.0504,0.0005,-0.0216,0.0481,-0.0099,0.0327,0.0258,0.0214,-0.0101,0.0076,0.0365,0.0295,0.0342,0.0241,0.0296,0.0485,0.0179,-0.0059,-0.0104,0.0519,0.0133,0.0104,0.0169,0.0430,0.0222,0.0156,-0.0057,0.0067,0.0111,0.0027,0.0133,0.0171,-0.0351,0.0101,0.0102,-0.0143,-0.0201,0.0002,0.0420,0.0117,-0.0128,-0.0031,-0.0321,-0.0344,0.0313,0.0278,-0.0459,0.0456,0.0692,0.0006,0.0278,-0.0069,-0.0086,-0.0334,0.0283,0.0373,0.0560,0.0134,-0.0223,-0.0222,0.0349,0.0178,-0.0107,0.0122,-0.0084,-0.0376,0.0104,0.0440,-0.0182,0.0542,0.0162,0.0881,12.4462,1.8274,0.0000,0.0000,0.0000,0.0000,0.0000,0.0000,0.0000,0.0000
2.8206,0.0000,0.0000,0.0000,0.0000,0.0000,0.0000,0.0000,0.0000,2.0137,-11.4616,0.0480,0.0358,0.0188,-0.0189,0.0780,0.0309,0.0582,0.0687,0.0515,-0.0041,-0.0012,-0.0191,-0.0189,0.0203,0.0288,-0.0108,0.0980,-0.0596,0.0137,0.0364,-0.0079,-0.0062,0.0529,-0.0111,-0.0336,0.0420,0.0229,-0.0269,-0.0678,-0.0534,0.0522,0.0849,0.0030,-0.0116,-0.0095,0.0793,-0.0684,-0.0770,0.0350,-0.0147,-0.0318,0.0041,0.0467,-0.0091,0.0227,0.0241,-0.0177,0.0065,0.0300,0.0255,0.0242,0.0379,0.0636,0.0630,0.0378,0.0504,-0.0058,-0.0445,0.0011,-0.0261,0.0006,0.0148,0.0753,0.0551,-0.0530,0.0933,0.0900,-0.0630,-0.0490,-0.0195,0.0112,-0.0344,0.0238,0.0673,0.0057,0.0865,0.0051,0.0381,-0.0789,0.0280,0.0624,0.0313,0.0885,0.0759,0.0167,0.0387,-0.0064,-0.0213,-0.0168,0.0148,0.0144,0.0252,-0.0162,0.0397,0.0442,0.0180,-0.0002,0.0723,-0.0069,0.0129,0.0497,-0.0236,0.0107,0.0173,0.0689,0.0289,0.0461,-0.0282,0.0405,0.0331,0.0066,-0.0323,0.0335,0.0147,0.0153,0.0242,-0.0072,0.0361,0.0181,-0.0140,0.0171,0.0138,0.0515,0.0329,0.0151,0.0120,-0.0431,0.0522,-0.0289,-0.0380,-0.0225,0.0305,0.0295,0.1054,0.0003,-0.0409,0.0371,-0.0215,0.0152,-0.0387,0.0384,0.0469,0.0378,-0.0036,-0.0278,0.0153,0.0416,0.0331,0.0374,-0.0792,-0.0228,-0.0437,0.0684,0.0264,0.0366,0.0604,0.0063,0.0188,-0.0309,0.0426,0.0233,0.0175,0.0185,0.0008,0.0194,0.0433,0.0422,0.0358,-0.0148,0.0139,0.0268,-0.0117,0.0505,0.0154,0.0343,-0.0287,0.0093,0.0505,0.0382,0.0105,0.0520,-0.0204,0.0159,0.0515,0.0185,0.0100,0.0108,-0.0131,0.0401,0.0013,-0.0237,0.0158,-0.0379,0.0723,-0.0350,0.0240,0.0131,-0.0019,0.0538,0.0534,-0.0403,-0.0321,-0.0049,-0.0223,0.0082,-0.0546,-0.0150,0.0564,0.0219,-0.0349,-0.0500,0.0065,-0.0349,-0.0119,0.0295,0.0010,-0.0286,-0.0274,-0.0068,0.0235,-0.0056,-0.0168,-0.0023,0.0614,0.0206,-0.0553,0.0087,-0.0646,0.0205,0.0434,0.0183,-0.0200,0.0329,0.0937,0.0722,-0.0192,-0.0512,-0.0152,0.0167,0.0423,0.0038,0.0188,0.0324,0.0127,0.0159,-0.0020,0.0497,0.0170,0.0238,0.0255,0.0733,0.0632,-0.0258,0.0421,0.0580,-0.0259,-0.0163,0.0395,0.0029,0.0352,0.0294,-0.0382,-0.0058,-0.0067,0.0111,0.0557,-0.0085,-0.0404,-0.0080,0.0164,0.0091,0.0171,0.0305,-0.0414,0.0280,-0.0072,0.0357,-0.0076,0.0431,-0.0057,0.0616,-0.0048,0.0213,-0.0019,-0.0349,0.0692,0.0106,0.0043,0.0016,-0.0279,-0.0211,-0.0451,0.0160,0.0453,0.0537,-0.0046,0.0056,-0.0301,-0.0066,0.0161,0.0168,0.0020,0.0629,0.0106,-0.0048,-0.0032,0.0245,0.0119,0.0289,0.0255,0.0555,0.0192,0.0412,0.0233,0.0203,0.0531,0.1177,12.4337,1.8996,0.0000,0.0000,0.0000,0.0000,0.0000,0.0000,0.0000,0.0000
2.6924,0.0000,0.0000,0.0000,0.0000,0.0000,0.0000,0.0000,0.0000,1.6187,-11.0885,0.0525,0.0704,0.0037,-0.0217,0.0893,-0.0029,0.0229,0.0444,0.0680,0.0077,0.0477,0.0403,-0.0282,0.0151,-0.0046,0.0076,0.1082,0.0229,0.0887,0.0201,0.0536,-0.0283,0.0284,-0.0129,0.0260,0.0547,0.0027,0.0561,0.0396,-0.0140,-0.0118,0.0228,0.0358,-0.0366,-0.0183,0.0169,-0.0268,-0.0114,0.0269,-0.0466,0.0292,0.0291,0.1059,-0.0252,-0.0264,0.0468,0.0416,0.0693,0.0281,0.0102,0.0342,0.0212,0.0231,-0.0169,0.0588,0.0007,0.0219,-0.0284,-0.0044,-0.0434,-0.0376,-0.0095,0.0766,0.0207,-0.0280,0.0976,0.0696,-0.0045,-0.0500,-0.0484,-0.0185,-0.0229,0.0001,0.0240,0.0415,0.0443,0.0430,0.0174,-0.0015,-0.0443,-0.0198,-0.0190,-0.0200,0.0325,0.0540,-0.0569,0.0282,0.0394,-0.0096,0.0225,0.0114,0.0294,0.0462,0.0019,0.0358,0.0178,-0.0038,0.0402,-0.0219,0.0286,0.0698,-0.0261,-0.0201,0.0147,0.0454,-0.0180,0.0598,-0.0135,0.0411,-0.0062,0.0287,-0.0256,0.0395,-0.0099,-0.0191,0.0419,0.0139,0.0278,0.0347,-0.0048,-0.0198,0.0193,0.0265,-0.0103,0.0000,-0.0141,0.0093,0.0105,0.0694,0.0217,-0.0408,0.0610,0.0384,-0.0145,0.0224,0.0045,-0.0137,-0.0205,-0.0888,-0.0617,-0.0415,0.0458,0.0247,0.0181,-0.0435,0.0064,0.0194,0.0134,0.0941,-0.0431,-0.0028,-0.0580,-0.0051,-0.0156,0.0152,0.0656,0.0078,-0.0097,0.0206,0.0114,0.0372,0.0146,-0.0067,0.0518,0.0376,0.0428,0.0478,0.0653,-0.0286,0.0102,0.0471,-0.0287,0.0328,-0.0339,-0.0194,0.0435,0.0362,0.0245,0.0145,-0.0186,-0.0001,-0.0027,-0.0102,0.0036,0.0193,0.0531,0.0049,-0.0275,0.0435,0.0219,0.0034,0.0214,-0.0035,0.0253,-0.0764,0.0330,0.0272,0.0076,0.0051,0.0288,-0.0026,0.0178,0.0204,0.0164,0.0027,-0.0431,-0.0208,0.0623,0.0115,-0.0351,0.0017,0.0098,0.0157,-0.0142,-0.0311,-0.0202,-0.0174,0.0443,0.0192,0.0375,0.0211,-0.0101,-0.0145,0.0248,0.0414,-0.0477,0.0137,-0.0294,0.0509,0.0402,0.0572,0.0193,0.0428,0.0449,0.0057,-0.0331,0.1330,0.0174,0.0467,0.0202,0.0108,0.0244,0.0402,-0.0093,-0.0425,-0.0511,0.0533,0.0451,0.0108,-0.0079,0.0209,0.0344,0.0377,0.0035,-0.0193,-0.0272,-0.0396,-0.0717,-0.0045,0.0551,0.0024,0.0246,-0.0246,0.0055,-0.0033,0.0051,-0.0246,-0.0256,-0.0019,0.0235,0.0120,0.0159,0.0337,-0.0239,0.0040,0.0006,0.0485,-0.0228,-0.0466,0.0093,0.0736,0.0206,0.0601,0.0233,0.0075,0.0458,-0.0098,-0.0249,0.0374,0.0150,-0.0064,-0.0540,-0.0251,-0.0077,0.0338,0.0493,0.0708,0.0461,0.0717,-0.0348,0.0253,0.0345,0.0563,0.0283,-0.0184,-0.0002,-0.0139,0.0409,0.0014,-0.0068,0.0535,-0.0237,0.0105,0.0318,0.0408,0.0337,-0.0286,12.3943,1.9723,0.0000,0.0000,0.0000,0.0000,0.0000,0.0000,0.0000,0.0000
2.5642,0.0000,0.0000,0.0000,0.0000,0.0000,0.0000,0.0000,0.0000,1.2405,-10.6251,0.0020,-0.0015,0.0233,0.0388,-0.0390,-0.0880,-0.0083,-0.0031,-0.0012,0.0162,0.0684,0.0696,0.0176,0.0400,-0.0509,-0.0314,0.0383,0.0303,0.0604,0.0102,0.0321,-0.0608,0.0166,0.0051,0.0130,0.0005,-0.0303,0.0212,0.0873,0.0360,0.0409,0.0064,0.0203,0.0344,-0.0582,0.0460,0.0515,0.0438,0.0384,0.0036,0.0136,0.0235,0.0402,-0.0321,-0.0549,0.0276,0.0117,0.0447,0.0238,-0.0312,0.0336,0.0086,-0.0227,-0.0396,0.0303,-0.0000,0.0243,0.0220,0.0489,0.0071,0.0009,-0.0180,0.0531,0.0008,-0.0063,0.0505,0.0320,-0.0110,0.0270,0.0340,-0.0079,0.0085,-0.0330,-0.0013,0.0430,-0.0151,0.0151,-0.0524,0.0059,0.0409,0.0222,-0.0604,-0.0821,0.0091,-0.0331,-0.0183,0.0318,0.0129,0.0034,0.0280,0.0017,0.0049,0.0278,0.0692,0.0461,0.0205,-0.0361,0.0239,-0.0125,0.0203,0.0794,-0.0064,0.0036,-0.0012,-0.0037,-0.0526,0.0179,0.0042,0.0311,0.0537,0.0485,-0.0040,0.0671,0.0392,0.0191,0.0381,0.0107,0.0425,0.0474,0.0041,-0.0381,0.0277,0.0296,0.0134,0.0509,-0.0008,0.0519,-0.0226,0.1118,0.0602,-0.0394,0.0136,0.0191,-0.0123,-0.0270,0.0146,0.0066,-0.0041,0.0602,0.0394,0.0085,-0.0126,-0.0162,-0.0129,0.0641,-0.0331,-0.0099,-0.0250,0.0155,0.0639,-0.0115,-0.0004,0.0010,0.0089,0.0130,0.0395,0.0239,0.0239,0.0284,0.0055,0.0470,0.0266,-0.0560,0.0806,0.0355,0.0208,0.0369,0.0833,-0.0117,0.0354,0.0028,0.0013,-0.0099,-0.0065,-0.0268,0.0687,0.0397,0.0156,0.0102,0.0010,-0.0385,0.0135,0.0181,-0.0095,-0.0146,0.0904,-0.0021,-0.0167,0.0348,0.0035,0.0174,0.0092,0.0081,-0.0429,-0.0463,0.0550,0.0313,0.0195,-0.0220,-0.0337,0.0206,0.0373,-0.0244,0.0074,-0.0091,-0.0239,0.0131,0.0587,0.0007,0.0187,0.0137,0.0497,0.0009,-0.0472,-0.0071,0.0365,0.0432,0.0210,0.0086,0.0549,0.0461,-0.0140,0.0197,0.0303,0.0517,0.0151,0.0039,0.0532,-0.0069,0.0319,0.0483,0.0090,0.0524,0.0049,0.0098,-0.0288,0.0515,-0.0178,0.0287,0.0167,0.0610,0.0358,0.0233,-0.0150,0.0314,-0.0195,0.0005,0.0799,0.0671,-0.0245,0.0135,-0.0217,0.0300,0.0153,-0.0499,0.0211,0.0266,-0.0293,-0.0134,0.0081,0.0558,-0.0172,-0.0118,0.0211,0.0717,-0.0248,0.0347,0.0586,0.0084,-0.0516,-0.0289,0.0579,-0.0053,-0.0038,0.0173,0.0093,-0.0225,0.0476,0.0065,-0.0210,0.0084,-0.0661,-0.0560,0.0222,0.0020,0.0006,0.0464,0.0064,0.0239,0.0298,-0.0079,0.0006,0.0186,-0.0200,0.0210,0.0587,0.0438,0.0242,0.0294,-0.0022,0.0070,-0.0048,0.0647,0.0799,0.0193,-0.0349,-0.0418,0.0870,0.0152,-0.0205,0.0556,-0.0553,-0.0592,0.0259,0.0594,-0.0262,0.0929,12.3544,2.0378,0.0000,0.0000,0.0000,0.0000,0.0000,0.0000,0.0000,0.0000
2.4360,0.0000,0.0000,0.0000,0.0000,0.0000,0.0000,0.0000,0.0000,0.8596,-10.1886,0.0061,-0.0319,-0.0109,0.0314,-0.0295,0.0005,0.0124,-0.0131,-0.0308,0.0028,0.0208,0.0416,0.0468,0.0465,-0.0466,-0.0571,0.0055,-0.0002,0.0104,0.0317,0.0062,-0.0136,0.0463,0.0502,0.0072,0.0528,-0.0294,-0.0342,0.0248,0.0441,0.0438,-0.0136,-0.0453,0.0399,0.0340,-0.0355,0.0422,-0.0405,0.0048,0.0223,0.0071,0.0515,0.0146,0.0242,0.0031,0.0088,-0.0052,0.0009,-0.0222,-0.0077,0.0504,0.0272,-0.0349,-0.0316,0.0193,0.0110,0.0294,0.0573,0.0066,-0.0009,0.0416,-0.0049,0.0067,-0.0148,-0.0247,0.0503,0.0322,-0.0126,0.0455,0.0045,0.0557,-0.0271,-0.0495,0.0462,-0.0072,0.0007,-0.0165,-0.0095,0.0158,0.0507,0.0329,0.0564,0.0226,-0.0340,-0.0036,0.0145,0.0212,-0.0156,-0.0370,-0.0233,0.0389,-0.0018,0.0411,0.0282,0.0010,0.0079,-0.0151,-0.0038,-0.0061,0.0331,0.0429,0.0062,0.0304,-0.0086,-0.0286,-0.0199,-0.0098,0.0249,0.0417,0.0650,0.0213,-0.0100,0.0351,0.0332,0.0445,0.0013,0.0084,0.0461,0.0192,-0.0294,0.0226,0.0141,-0.0604,0.0417,0.0176,-0.0156,0.0456,0.0081,0.0159,0.0637,0.0185,0.0058,0.0350,-0.0056,-0.0279,0.0196,0.0456,-0.0441,0.0531,0.0787,-0.0957,0.0220,-0.0297,0.0053,0.0333,-0.0166,0.0108,-0.0279,-0.0249,0.0527,0.0286,0.0423,-0.0170,0.0244,0.0012,0.0894,-0.0263,0.0128,-0.0145,0.0246,0.0333,0.0139,-0.0426,0.0527,0.0242,0.0527,0.0275,0.0500,0.0047,0.0353,-0.0014,-0.0082,-0.0291,0.0612,0.0372,0.0101,0.0178,0.0095,-0.0002,0.0328,-0.0096,0.0109,0.0351,0.0089,-0.0233,0.0246,-0.0354,0.0064,0.0828,-0.0449,0.0263,-0.0182,-0.0055,-0.0296,-0.0419,0.0617,0.0346,-0.0205,0.0267,-0.0246,0.0060,0.0289,0.0153,-0.0067,-0.0307,-0.0073,-0.0258,0.0361,-0.0490,0.0136,-0.0177,0.0321,0.0344,-0.0233,0.0342,0.0697,0.0267,0.0332,0.0216,-0.0253,0.0321,0.0288,0.0408,0.0262,-0.0103,0.0257,0.0539,0.0293,0.0424,-0.0269,0.0081,-0.0096,-0.0132,-0.0153,-0.0211,0.0178,0.1065,-0.0058,0.0055,0.0189,0.0193,0.0499,-0.0282,0.0209,0.0468,0.0705,-0.0460,0.0265,0.0211,-0.0156,0.0190,-0.0047,0.0215,-0.0386,-0.0012,0.0142,0.0834,0.0102,-0.0759,-0.0179,0.0471,0.0055,-0.0166,-0.0136,0.0495,-0.0399,0.0322,0.0651,0.0270,0.0335,-0.0349,0.0108,-0.0164,0.0158,-0.0424,-0.0016,0.0499,0.0543,0.0037,-0.0423,-0.0139,-0.0296,-0.0546,0.0020,-0.0171,-0.0101,-0.0428,0.0006,0.0124,0.0167,0.0264,-0.0128,0.0712,0.0408,0.0116,-0.0026,0.0241,-0.0250,0.0310,-0.0787,0.0004,-0.0220,-0.0218,0.0555,0.0311,-0.0459,-0.0602,0.0575,0.0424,0.0124,0.0528,-0.0756,0.0065,0.0386,0.0638,0.0006,0.0881,12.2773,2.1009,0.0000,0.0000,0.0000,0.0000,0.0000,0.0000,0.0000,0.0000
2.3078,0.0000,0.0000,0.0000,0.0000,0.0000,0.0000,0.0000,0.0000,0.4662,-9.8014,0.0672,0.0233,-0.0099,0.0540,-0.0028,0.0094,0.0408,0.0233,0.0141,0.0032,-0.0160,0.0070,0.0277,0.0103,-0.0010,-0.0058,0.0283,0.0193,-0.0309,0.0192,-0.0170,0.0036,0.0369,0.0517,0.0085,0.0745,0.0420,-0.0217,-0.0072,-0.0276,0.0258,0.0466,-0.0013,0.0812,0.0718,0.0200,-0.0018,-0.0185,0.0157,0.0663,0.0151,-0.0060,0.0350,0.0402,0.0327,0.0317,0.0161,0.0018,-0.0294,-0.0138,0.0372,0.0105,-0.0054,0.0115,0.0419,-0.0060,0.0182,0.0700,-0.0196,-0.0341,0.0398,0.0230,-0.0079,0.0128,0.0285,0.0436,-0.0046,0.0437,0.0342,0.0167,-0.0531,-0.0395,0.0535,0.0543,0.0023,0.0091,-0.0210,-0.0141,-0.0207,-0.0122,-0.0242,-0.0008,0.0151,-0.0227,0.0344,0.0394,0.0232,0.0294,-0.0012,0.0299,0.0014,0.0006,0.0000,0.0067,-0.0002,0.0154,0.0162,-0.0314,0.0044,0.0458,0.0027,-0.0133,0.0104,-0.0108,-0.0354,0.0039,0.0612,-0.0008,0.0478,0.0070,0.0211,-0.0113,-0.0486,-0.0024,0.0600,-0.0465,0.0386,0.0205,0.0002,0.0084,0.0119,0.0281,-0.0871,0.0723,0.0143,0.0199,0.0398,-0.0103,-0.0420,-0.0496,0.0067,-0.0008,0.0266,0.0138,-0.0023,0.0351,-0.0163,-0.0188,0.0044,0.0531,-0.0450,-0.0105,0.0091,0.0554,-0.0157,0.0003,0.0062,-0.0446,0.0118,0.0366,0.0094,0.0197,-0.0230,-0.0048,-0.0161,0.0846,0.0128,-0.0191,0.0088,-0.0065,0.0219,0.0439,-0.0064,0.0302,0.0380,0.0158,0.0395,0.0443,-0.0060,0.0357,0.0628,0.0097,-0.0194,0.0369,0.0808,-0.0249,-0.0092,0.0536,0.0127,-0.0171,-0.0083,0.0318,0.0349,-0.0069,0.0038,-0.0047,-0.0119,-0.0104,0.0964,-0.0185,0.0506,-0.0215,-0.0090,0.0518,-0.0197,0.0089,0.0271,-0.0079,0.0227,0.0507,0.0365,-0.0160,0.0588,0.0736,-0.0013,0.0395,0.0008,0.0336,-0.0169,0.0262,-0.0100,-0.0036,0.0043,-0.0096,-0.0124,0.0129,0.0204,0.0541,-0.0169,0.0081,-0.0636,0.0192,0.0528,0.0488,-0.0110,0.0078,0.0171,0.0662,0.0398,0.0409,0.0380,-0.0179,-0.0092,-0.0169,-0.0173,-0.0293,0.0951,0.0078,-0.0322,0.0195,0.0640,0.0959,-0.0563,0.0285,0.0861,0.0017,-0.0601,0.0536,0.0176,-0.0415,0.0216,-0.0019,0.0105,-0.0483,0.0581,-0.0701,0.0627,0.0099,-0.0177,0.0519,-0.0007,-0.0246,0.0358,-0.0137,0.0095,-0.1113,-0.0060,0.0646,-0.0231,-0.0086,-0.0001,0.0284,0.0719,-0.0229,-0.0018,-0.0041,0.0309,0.0329,0.0088,0.0180,0.0180,-0.0156,0.0060,-0.0298,-0.0138,0.0008,-0.0102,0.0417,-0.0319,0.0728,0.0218,-0.0629,-0.0083,0.0767,0.0560,-0.0072,-0.0043,-0.0291,0.0261,0.0050,0.0087,0.0527,0.0126,0.0497,0.0562,-0.0177,-0.0078,0.0434,0.0129,0.0260,-0.0401,-0.0122,-0.0006,0.0119,0.0087,-0.0067,0.1154,12.2500,2.1719,0.0000,0.0000,0.0000,0.0000,0.0000,0.0000,0.0000,0.0000
2.1796,0.0000,0.0000,0.0000,0.0000,0.0000,0.0000,0.0000,0.0000,0.0776,-9.4099,0.0598,0.0063,-0.0253,0.0382,0.0342,-0.0332,0.0245,0.0407,0.0487,0.0367,-0.0109,-0.0528,-0.0057,0.0266,0.0298,0.0174,0.0069,0.0225,-0.0022,-0.0196,-0.0047,0.0272,0.0414,0.0337,0.0447,0.0305,-0.0074,-0.0222,0.0232,0.0289,0.0187,-0.0089,0.0296,0.0801,0.0694,0.0682,0.0216,-0.0444,-0.0109,0.0021,-0.0104,0.0139,0.0105,0.0238,0.0179,0.0268,0.0094,0.0581,0.0024,-0.0061,0.0034,0.0133,0.0344,0.0330,0.0061,0.0347,0.0471,0.0736,0.0061,0.0005,0.0426,0.0270,0.0051,-0.0040,0.0178,0.0324,-0.0235,0.0241,0.0255,0.0353,-0.0098,0.0213,0.0052,-0.0379,-0.0435,0.0343,0.0309,0.0687,0.0832,0.0398,0.0107,-0.0400,-0.0075,-0.0142,-0.0025,0.0501,0.0204,0.0139,0.0552,0.0411,-0.0295,-0.0266,0.0216,0.0165,0.0404,-0.0043,-0.0061,0.0113,-0.0181,0.0363,0.0721,-0.0137,0.0101,0.0559,-0.0079,0.0194,0.0873,-0.0026,0.0062,-0.0221,0.0255,-0.0004,-0.0237,-0.0449,0.0461,-0.0155,0.0528,0.0606,0.0001,0.0079,0.0081,0.0358,-0.0014,0.0504,0.0376,0.0007,0.0261,0.0198,0.0152,-0.0724,-0.0089,-0.0121,0.0089,-0.0217,-0.0501,0.0039,0.0156,-0.0143,-0.0016,-0.0277,-0.0852,-0.0204,0.0147,-0.0058,0.0133,0.0083,0.0171,-0.0177,-0.0110,0.0181,-0.0105,0.0142,-0.0002,-0.0243,0.0029,0.0320,0.0050,-0.0106,0.0036,0.0172,0.0010,0.0441,0.0011,0.0179,0.0442,-0.0126,0.0430,0.0465,-0.0316,0.0159,0.0819,-0.0004,-0.0163,0.0436,0.0507,-0.0139,-0.0157,0.0526,0.0482,-0.0253,-0.0064,0.0535,0.0289,-0.0160,0.0383,0.0070,-0.0052,-0.0056,0.0396,-0.0144,0.0611,0.0164,-0.0032,0.0683,0.0025,-0.0021,0.0377,0.0224,0.0165,0.0536,0.0432,-0.0417,0.0055,0.0256,0.0385,-0.0202,0.0587,0.0415,0.0175,-0.0044,-0.0104,0.0293,-0.0359,0.0090,-0.0346,-0.0102,-0.0299,0.0378,-0.0630,0.0176,0.0308,-0.0699,-0.0063,0.0277,0.0601,0.0513,0.0063,0.0307,0.0583,-0.0039,0.0192,-0.0413,0.0148,0.0492,0.0397,-0.0140,0.0115,0.0363,0.0422,-0.0317,0.0335,0.0722,-0.0029,0.0618,0.0193,-0.0046,-0.0459,-0.0105,0.0241,-0.0007,0.0672,-0.0456,-0.0279,-0.0415,0.1037,0.0165,-0.0265,0.0232,0.0146,0.0404,0.0052,-0.0206,-0.0001,-0.0116,-0.0182,-0.0385,-0.0867,0.0348,-0.0223,-0.0989,0.0242,0.0091,0.0614,-0.0493,0.0085,-0.0008,0.0060,0.0416,-0.0162,-0.0986,-0.0604,0.0245,0.0179,-0.0485,-0.0159,0.0071,0.0357,-0.0185,0.0102,0.0198,0.0300,-0.0525,-0.0503,0.0402,0.0170,-0.0305,-0.0140,0.0456,0.0287,-0.0102,-0.0237,0.0157,-0.0019,0.0009,0.0128,-0.0205,-0.0017,0.0159,0.0165,-0.0061,0.0036,-0.0057,-0.0111,-0.0239,0.0100,0.0142,0.0520,12.2031,2.2429,0.0000,0.0000,0.0000,0.0000,0.0000,0.0000,0.0000,0.0000
2.0513,0.0000,0.0000,0.0000,0.0000,0.0000,0.0000,0.0000,0.0000,-0.3049,-9.0208,0.0086,0.0180,0.0092,0.0099,-0.0139,-0.0149,0.0115,0.0359,0.0269,0.0019,-0.0018,-0.0245,-0.0030,0.0512,0.0579,0.0190,0.0263,0.0307,0.0363,0.0071,0.0393,0.0294,0.0166,0.0307,0.0436,0.0386,0.0071,-0.0016,0.0521,0.0203,-0.0375,-0.0269,-0.0335,-0.0284,0.0057,-0.0276,0.0566,0.0262,0.0576,0.1012,0.0915,0.0277,0.0231,0.0236,0.0088,0.0603,0.0309,0.0722,-0.0042,0.0347,0.0032,0.0335,0.0143,0.0256,0.0159,0.0449,0.0354,0.0420,0.0131,0.0037,0.0374,0.0330,0.0134,-0.0566,0.0175,0.0572,0.0243,0.0221,0.0211,-0.0083,0.0311,0.0346,0.0275,0.0117,-0.0628,0.0883,0.0257,-0.0117,-0.0221,-0.0287,0.0277,-0.0095,0.0156,0.0132,-0.0191,-0.0069,0.0193,0.0035,-0.0011,0.0271,-0.0188,-0.0272,0.0392,0.0165,0.0216,0.0032,0.0148,0.0693,-0.0178,0.0440,0.0618,-0.0048,-0.0178,0.0530,0.0357,0.0182,0.0755,-0.0055,-0.0311,-0.0210,0.0563,-0.0193,0.0067,0.0079,-0.0057,0.0124,0.0278,0.0519,0.0204,0.0166,-0.0361,0.0221,-0.0066,-0.0139,-0.0056,0.0758,0.0146,0.0254,0.0086,-0.0035,0.0582,-0.0157,-0.0476,-0.0139,0.0426,0.0269,0.0457,-0.0138,-0.0244,-0.0085,-0.0140,-0.0319,-0.0206,-0.0383,0.0023,-0.0497,-0.0171,0.0120,-0.0331,-0.0701,-0.0084,0.0043,0.0072,-0.0211,-0.0142,0.0249,0.0417,-0.0364,-0.0025,0.0135,-0.0259,-0.0005,0.0162,-0.0192,0.0066,0.0232,-0.0095,-0.0110,-0.0141,0.0351,0.0335,-0.0107,-0.0168,0.0573,0.0272,0.0433,-0.0054,-0.0149,0.0455,-0.0119,-0.0119,0.0371,0.0103,-0.0103,0.0184,-0.0066,0.0148,0.0197,-0.0018,-0.0275,0.0127,0.0091,-0.0075,0.0207,-0.0289,0.0257,0.0644,0.0193,0.0133,0.0522,0.0240,-0.0249,-0.0413,-0.0232,0.0144,-0.0432,-0.0450,-0.0062,-0.0700,-0.0783,0.0125,0.0402,-0.0110,-0.0167,-0.0327,-0.0426,-0.0078,-0.0642,-0.0815,0.0100,-0.0421,-0.0569,-0.0343,0.0153,0.0065,-0.0077,-0.0029,0.0246,-0.0290,0.0453,0.0056,0.0117,0.0238,0.0305,-0.0405,-0.0055,-0.0185,0.0270,0.0244,-0.0383,-0.0522,-0.0375,0.0091,-0.0258,-0.0283,-0.0050,-0.0346,0.0343,0.0254,-0.0203,-0.0188,0.0080,0.0044,0.0117,0.0143,0.0022,-0.0485,-0.0144,0.0109,-0.0435,-0.0608,0.0128,-0.0340,-0.0241,0.0643,-0.0065,0.0006,-0.0066,0.0084,-0.0176,-0.0002,-0.0138,-0.0045,-0.0210,-0.0255,-0.0227,-0.0163,-0.0075,-0.0658,-0.1162,-0.0849,-0.0581,-0.0704,-0.0316,-0.0536,-0.0334,-0.0416,-0.0555,-0.0608,0.0015,-0.0374,-0.0411,-0.0412,-0.0644,-0.0765,-0.0277,0.0173,-0.0645,-0.0095,0.0333,-0.0063,0.0011,-0.0330,-0.0684,-0.0480,0.0017,0.0064,-0.0109,-0.0265,-0.0044,0.0210,-0.0115,0.0535,0.0335,0.0334,-0.0240,-0.0612,12.1244,2.3094,0.0000,0.0000,0.0000,0.0000,0.0000,0.0000,0.0000,0.0000
1.9231,0.0000,0.0000,0.0000,0.0000,0.0000,0.0000,0.0000,0.0000,-0.7036,-8.6291,0.0464,-0.0065,0.0350,0.0293,-0.0002,-0.0055,0.0237,0.0350,0.0315,0.0253,-0.0044,0.0198,0.0001,-0.0009,0.0191,-0.0033,0.0226,0.0063,0.0326,0.0340,0.0126,-0.0110,-0.0197,-0.0110,-0.0277,0.0014,0.0188,0.0298,0.0090,-0.0108,-0.0093,0.0034,0.0044,0.0055,0.0432,-0.0263,0.0328,0.0049,0.0137,0.0641,0.0856,0.0341,0.0068,-0.0402,-0.0300,0.0344,0.0523,0.0436,-0.0232,0.0243,0.0463,0.0324,-0.0030,0.0465,0.0608,0.0201,0.0207,0.0484,0.0068,-0.0322,-0.0050,0.0535,-0.0005,-0.0074,0.0334,0.0192,-0.0312,-0.0353,-0.0122,0.0351,0.0208,0.0086,-0.0026,-0.0223,0.0099,-0.0239,-0.0371,0.0161,0.0419,0.0185,-0.0100,0.0446,-0.0631,0.0354,-0.0040,0.0140,0.0542,0.0018,-0.0492,-0.0149,0.0043,0.0025,-0.0001,0.0117,0.0065,-0.0382,0.0083,0.0257,-0.0033,0.0399,-0.0105,-0.0161,-0.0433,-0.0135,0.0382,-0.0183,0.0554,-0.0255,-0.0114,0.0137,0.0338,0.0169,0.0216,0.0374,-0.0215,-0.0345,-0.0151,-0.0086,0.0134,0.0551,-0.0279,-0.0092,-0.0193,-0.0252,-0.0290,0.0197,0.0638,0.0215,-0.0041,0.0504,0.0627,0.0265,0.0445,-0.0395,0.0107,-0.0193,-0.0414,-0.0372,-0.0208,0.0059,0.0148,-0.0503,-0.0617,-0.0344,-0.0588,-0.0694,-0.0625,-0.0066,0.0104,-0.0791,-0.0220,-0.0535,-0.0393,-0.0566,-0.0784,0.0195,0.0149,-0.0512,-0.0215,0.0155,-0.0826,-0.0122,0.0042,-0.0558,0.0094,0.0121,-0.0314,-0.0415,-0.0070,0.0225,-0.0240,-0.0126,-0.0317,0.0416,-0.0204,0.0441,-0.0132,-0.0583,0.0249,-0.0261,-0.0346,0.0435,-0.0135,-0.0178,0.0121,0.0016,0.0302,0.0129,-0.0277,0.0247,-0.0326,-0.0342,0.0335,-0.0341,-0.0113,0.0077,0.0240,-0.0473,-0.0625,-0.0111,0.0217,0.0006,0.0120,0.0023,-0.0697,-0.0577,-0.0909,-0.0685,-0.1419,-0.0750,0.0054,0.0245,-0.0241,-0.0603,-0.1214,-0.0702,-0.0333,-0.0974,-0.0541,-0.0299,-0.0854,-0.0820,-0.0920,-0.0970,-0.0403,-0.0973,-0.1271,-0.0541,-0.0868,-0.0447,-0.0867,-0.0403,-0.0014,-0.0599,-0.0891,-0.0258,0.0411,-0.0327,-0.0665,-0.0500,-0.0875,-0.0231,0.0030,-0.0280,0.0109,-0.0227,-0.0355,-0.0277,0.0087,-0.0163,-0.0587,-0.0217,0.0041,-0.0135,0.0126,0.0223,-0.0320,-0.0141,0.0124,-0.0763,-0.0228,0.0779,-0.0689,-0.0461,0.0239,-0.0212,-0.0600,-0.0052,0.0072,-0.0667,-0.1113,-0.0531,-0.0304,-0.1072,-0.0766,-0.1222,-0.0796,-0.1058,-0.1117,-0.1315,-0.1501,-0.1828,-0.1085,-0.1433,-0.1822,-0.2417,-0.1674,-0.2339,-0.1952,-0.1973,-0.2162,-0.1473,-0.1166,-0.0792,-0.1666,-0.1319,-0.0568,-0.1026,-0.1229,-0.0013,-0.0948,0.0006,-0.0789,-0.1047,-0.0530,-0.0188,-0.0962,-0.0312,-0.0147,-0.0419,0.0076,-0.0130,-0.0517,-0.0063,-0.0026,-0.0456,-0.0264,12.0271,2.3667,0.0000,0.0000,0.0000,0.0000,0.0000,0.0000,0.0000,0.0000
1.7949,0.0000,0.0000,0.0000,0.0000,0.0000,0.0000,0.0000,0.0000,-1.0761,-8.2189,0.0143,-0.0209,0.0056,0.0339,0.0093,-0.0448,-0.0063,0.0368,0.0450,-0.0040,0.0038,-0.0023,-0.0097,-0.0334,-0.0196,-0.0580,-0.0280,-0.0236,-0.0047,0.0061,-0.0262,-0.0136,-0.0264,-0.0116,-0.0189,-0.0172,0.0110,0.0269,0.0193,-0.0109,-0.0138,-0.0162,-0.0387,0.0133,-0.0578,-0.0429,-0.0316,0.0020,0.0264,-0.0495,0.0056,0.0342,-0.0037,-0.0211,0.0023,0.0180,0.0391,0.0124,-0.0133,0.0435,0.0075,-0.0441,0.0282,0.0402,0.0421,0.0140,0.0182,0.0320,-0.0143,0.0312,0.0129,-0.0161,-0.0019,0.0235,-0.0625,-0.0406,-0.0552,-0.0401,-0.0468,0.0043,-0.0408,-0.0304,-0.0046,0.0810,0.0050,-0.0084,-0.0011,-0.0336,0.0290,-0.0190,-0.0685,0.0191,-0.0198,-0.0613,-0.0318,0.0161,-0.0264,-0.0429,-0.0809,-0.0466,-0.0480,-0.0091,-0.0306,-0.0137,-0.0770,-0.1105,-0.0267,-0.0392,-0.0372,-0.0331,-0.0316,-0.0400,-0.0589,-0.0441,-0.0311,-0.0504,-0.0003,-0.0126,-0.0435,-0.0323,-0.0366,0.0095,-0.0176,-0.0240,-0.0480,-0.0560,-0.0172,-0.0213,0.0196,0.0230,0.0010,0.0264,-0.0009,-0.0153,0.0432,-0.0629,-0.0058,-0.0634,-0.0294,-0.0891,0.0279,-0.0160,-0.0096,-0.0818,-0.0440,0.0677,-0.0818,-0.0866,-0.0879,0.0131,-0.0716,-0.1067,-0.0910,-0.0848,-0.1084,-0.0246,-0.1400,-0.0657,-0.0513,-0.1351,-0.1470,-0.0858,-0.1255,-0.0907,-0.0713,-0.0841,-0.0984,-0.1735,-0.1147,-0.0953,-0.1348,-0.1144,-0.0988,-0.1269,-0.0114,-0.1074,-0.0879,-0.0742,-0.0681,-0.0587,-0.0648,-0.0342,-0.0815,-0.0152,-0.0658,-0.0158,-0.0396,-0.0989,-0.0331,-0.0196,-0.0284,0.0245,-0.0705,-0.0317,0.0306,-0.0173,0.0201,-0.0031,-0.0304,0.0271,-0.0324,-0.0211,0.0050,-0.0462,0.0041,-0.0082,-0.0531,-0.0672,-0.0851,-0.0461,-0.0273,-0.0236,-0.0272,-0.0033,-0.0520,-0.0795,-0.1204,-0.1261,-0.0903,-0.1795,-0.1370,-0.0985,-0.1007,-0.1572,-0.2607,-0.1938,-0.1882,-0.2890,-0.2610,-0.2249,-0.2008,-0.2412,-0.2639,-0.2633,-0.2354,-0.1690,-0.2943,-0.1882,-0.1839,-0.1887,-0.1931,-0.1015,-0.1826,-0.1543,-0.1706,-0.0702,-0.0446,-0.1211,-0.1027,-0.0906,-0.0367,-0.0583,-0.0235,-0.0858,0.0144,-0.0699,-0.0458,-0.0930,-0.0365,-0.0103,-0.0509,-0.0310,-0.0711,-0.0646,-0.0406,-0.0658,0.0026,-0.0325,-0.0248,-0.0362,-0.0203,-0.0067,-0.1057,-0.0562,-0.0697,-0.0682,-0.0487,-0.0445,-0.0993,-0.1313,-0.0508,-0.1140,-0.1616,-0.1368,-0.1754,-0.1946,-0.2383,-0.3047,-0.3799,-0.4021,-0.4142,-0.4553,-0.4515,-0.5741,-0.5660,-0.6045,-0.6355,-0.6587,-0.6507,-0.6477,-0.6353,-0.5977,-0.4759,-0.4575,-0.4608,-0.3498,-0.3349,-0.2727,-0.2240,-0.2203,-0.2326,-0.1700,-0.1210,-0.1384,-0.0935,-0.1431,-0.0909,-0.0314,0.0040,-0.1054,-0.0902,-0.0705,-0.1084,-0.0478,-0.0332,-0.0874,0.0145,11.9544,2.4281,0.0000,0.0000,0.0000,0.0000,0.0000,0.0000,0.0000,0.0000
1.6667,0.0000,0.0000,0.0000,0.0000,0.0000,0.0000,0.0000,0.0000,-1.4575,-7.8497,-0.0680,-0.0490,-0.0045,-0.0426,-0.0102,-0.0188,0.0015,0.0162,0.0040,-0.0132,-0.0068,0.0043,0.0328,-0.0117,-0.0415,-0.0695,-0.0339,-0.0082,-0.0367,-0.0442,-0.0342,-0.0416,-0.0310,-0.0075,-0.0189,-0.0585,-0.0533,-0.0522,-0.0375,-0.0361,-0.0471,-0.0422,-0.0239,-0.0402,-0.0387,-0.0172,-0.0392,-0.0396,-0.0168,-0.0597,-0.0811,-0.0211,-0.0186,-0.0148,-0.0035,0.0293,0.0118,-0.0393,-0.0619,0.0232,-0.0328,-0.0817,0.0094,0.0354,-0.0182,0.0085,0.0078,0.0095,-0.0108,0.0444,0.0129,-0.0593,-0.0270,-0.0186,-0.0756,-0.0649,-0.0354,-0.0546,-0.0597,-0.0028,-0.0496,-0.1234,-0.0427,-0.0050,-0.1218,-0.0987,-0.0865,-0.0040,-0.0229,-0.0495,-0.0560,-0.0689,-0.0639,-0.0728,-0.0827,-0.0649,-0.1152,-0.1388,-0.1093,-0.1714,-0.1131,-0.1616,-0.1880,-0.1759,-0.2051,-0.2169,-0.1455,-0.1663,-0.1903,-0.1927,-0.1439,-0.1564,-0.1734,-0.1490,-0.1746,-0.1669,-0.1219,-0.0867,-0.1021,-0.1045,-0.1020,-0.0867,-0.1043,-0.0921,-0.1088,-0.0637,-0.0517,-0.0320,-0.0267,-0.0944,-0.0103,-0.0120,-0.0289,-0.0543,-0.0016,-0.0427,-0.0185,-0.0339,-0.0687,-0.0726,-0.1166,-0.0601,-0.0704,-0.1373,-0.0370,-0.0482,-0.0925,-0.0571,-0.1234,-0.0556,-0.1181,-0.1663,-0.1528,-0.1488,-0.1627,-0.1615,-0.2135,-0.1774,-0.1953,-0.2646,-0.2286,-0.2147,-0.2623,-0.3500,-0.2628,-0.3174,-0.3239,-0.3601,-0.3680,-0.3823,-0.3324,-0.3647,-0.3744,-0.3211,-0.2503,-0.3296,-0.3050,-0.2430,-0.2058,-0.2035,-0.2078,-0.1603,-0.2091,-0.1484,-0.1236,-0.0907,-0.0872,-0.1618,-0.1049,-0.0581,-0.0685,-0.0624,-0.0777,-0.0824,-0.0344,-0.0751,-0.0709,-0.0517,-0.0547,-0.0729,-0.0834,-0.0381,-0.0860,-0.0543,-0.0299,-0.0882,-0.0844,-0.0809,-0.0997,-0.0548,-0.1165,-0.0785,-0.1166,-0.1112,-0.1070,-0.1401,-0.2282,-0.2010,-0.2531,-0.2642,-0.3240,-0.3591,-0.3795,-0.3864,-0.4375,-0.4796,-0.5158,-0.5780,-0.6666,-0.6050,-0.6644,-0.7185,-0.7427,-0.7610,-0.7353,-0.6903,-0.7354,-0.6549,-0.6027,-0.5486,-0.5121,-0.4211,-0.4678,-0.3727,-0.3806,-0.2829,-0.2668,-0.3018,-0.2025,-0.1970,-0.1709,-0.1880,-0.1507,-0.1786,-0.0524,-0.1522,-0.1048,-0.1115,-0.1649,-0.0751,-0.0914,-0.0480,-0.1092,-0.1498,-0.1115,-0.1275,-0.0511,-0.1074,-0.1501,-0.1537,-0.1202,-0.0840,-0.1419,-0.1218,-0.1637,-0.1508,-0.1364,-0.2275,-0.2413,-0.2210,-0.1895,-0.2846,-0.3831,-0.3957,-0.4060,-0.5026,-0.5434,-0.6589,-0.7825,-0.9532,-1.0343,-1.0866,-1.1966,-1.3642,-1.4240,-1.5028,-1.5942,-1.6071,-1.6357,-1.7565,-1.7692,-1.5950,-1.5511,-1.4163,-1.3078,-1.1805,-1.1001,-0.8946,-0.7876,-0.6795,-0.6196,-0.4869,-0.4058,-0.3491,-0.3241,-0.2936,-0.2302,-0.1418,-0.1614,-0.1677,-0.1865,-0.1538,-0.1578,-0.1094,-0.0954,-0.1589,-0.0807,11.8559,2.4895,0.0000,0.0000,0.0000,0.0000,0.0000,0.0000,0.0000,0.0000
1.5385,0.0000,0.0000,0.0000,0.0000,0.0000,0.0000,0.0000,0.0000,-1.8587,-7.4400,0.0126,-0.0313,-0.0114,-0.0544,-0.0754,-0.0079,-0.0201,-0.0344,-0.0603,-0.0529,-0.0378,-0.0153,0.0112,0.0054,-0.1140,-0.1087,-0.0315,-0.0231,-0.0710,-0.0808,-0.0953,-0.1284,-0.0991,-0.0620,-0.0614,-0.0963,-0.1060,-0.1198,-0.1711,-0.1611,-0.1433,-0.1092,-0.1196,-0.1497,-0.1455,-0.1212,-0.1120,-0.0922,-0.1297,-0.1432,-0.1312,-0.1188,-0.1499,-0.1197,-0.0926,-0.0702,-0.0791,-0.1122,-0.1244,-0.1039,-0.0990,-0.1218,-0.0856,-0.0486,-0.0849,-0.0517,-0.0276,-0.0163,-0.0651,-0.0893,-0.0854,-0.1330,-0.1155,0.0197,-0.0004,-0.0788,-0.0819,-0.0786,-0.0871,-0.0943,-0.1157,-0.1319,-0.1419,-0.1477,-0.1420,-0.1917,-0.2236,-0.1897,-0.1767,-0.2001,-0.1006,-0.2190,-0.2777,-0.2365,-0.2868,-0.2979,-0.3620,-0.3187,-0.2975,-0.3857,-0.4478,-0.4168,-0.4971,-0.4973,-0.5368,-0.5595,-0.5210,-0.5601,-0.6309,-0.5855,-0.5443,-0.5278,-0.5102,-0.4799,-0.4912,-0.4393,-0.4303,-0.3472,-0.2911,-0.2893,-0.2595,-0.2434,-0.2104,-0.2104,-0.2051,-0.1126,-0.1358,-0.1704,-0.1595,-0.1360,-0.1262,-0.1187,-0.1046,-0.1048,-0.0953,-0.0526,-0.0821,-0.0383,-0.0384,-0.0772,-0.1414,-0.0926,-0.1363,-0.1881,-0.1638,-0.1366,-0.0979,-0.1535,-0.2200,-0.2552,-0.2454,-0.2865,-0.3003,-0.2655,-0.3202,-0.3917,-0.4437,-0.3755,-0.4097,-0.5084,-0.5359,-0.5564,-0.6955,-0.7489,-0.7182,-0.8227,-0.8807,-0.9121,-0.9894,-0.9924,-0.8991,-0.9764,-1.0060,-0.9741,-0.9566,-0.8606,-0.8410,-0.7481,-0.6601,-0.6218,-0.6057,-0.5297,-0.4833,-0.4262,-0.3568,-0.3168,-0.2683,-0.2898,-0.2043,-0.1921,-0.2263,-0.2171,-0.1657,-0.1965,-0.1587,-0.1617,-0.1856,-0.1499,-0.1386,-0.1561,-0.1603,-0.1446,-0.1606,-0.1381,-0.1264,-0.2088,-0.2121,-0.1585,-0.1825,-0.1501,-0.2904,-0.2377,-0.2732,-0.2775,-0.2560,-0.3705,-0.4241,-0.3994,-0.4324,-0.5351,-0.5970,-0.6119,-0.7654,-0.7923,-0.8842,-1.0279,-1.1396,-1.1316,-1.3301,-1.5037,-1.5327,-1.6408,-1.7959,-1.7856,-1.8841,-1.8869,-1.8696,-1.8013,-1.7248,-1.6700,-1.4623,-1.3233,-1.2722,-1.1245,-0.9683,-0.8646,-0.6952,-0.6505,-0.6351,-0.5426,-0.3897,-0.4182,-0.3049,-0.3072,-0.2687,-0.2754,-0.2103,-0.1889,-0.2409,-0.2691,-0.2336,-0.2135,-0.1746,-0.1929,-0.1305,-0.1734,-0.1515,-0.1893,-0.1930,-0.2139,-0.1499,-0.2662,-0.2220,-0.2505,-0.2714,-0.3503,-0.2493,-0.4215,-0.4130,-0.4001,-0.4615,-0.5724,-0.6386,-0.7062,-0.8232,-0.9532,-1.1099,-1.3032,-1.3747,-1.5524,-1.8184,-2.0186,-2.2014,-2.4700,-2.7175,-2.9448,-3.1595,-3.3423,-3.5151,-3.6992,-3.7562,-3.7292,-3.6687,-3.5317,-3.3003,-3.0841,-2.7867,-2.4580,-2.1114,-1.8678,-1.5975,-1.4130,-1.1448,-0.8844,-0.7975,-0.7121,-0.5954,-0.4986,-0.4615,-0.4097,-0.3640,-0.3238,-0.2640,-0.2636,-0.2569,-0.2146,-0.1547,11.7030,2.5381,0.0000,0.0000,0.0000,0.0000,0.0000,0.0000,0.0000,0.0000
1.4103,0.0000,0.0000,0.0000,0.0000,0.0000,0.0000,0.0000,0.0000,-2.2244,-7.0553,-0.0625,-0.1051,-0.0642,-0.0974,-0.1432,-0.0618,-0.0700,-0.1154,-0.1113,-0.1283,-0.1265,-0.1251,-0.1425,-0.1470,-0.2427,-0.2301,-0.1568,-0.1692,-0.2171,-0.2112,-0.2487,-0.2925,-0.3004,-0.2755,-0.3053,-0.3091,-0.3016,-0.3410,-0.3481,-0.3317,-0.3621,-0.3783,-0.3536,-0.3844,-0.4404,-0.3907,-0.3496,-0.3609,-0.3849,-0.3686,-0.3589,-0.3802,-0.4555,-0.3699,-0.2766,-0.3099,-0.3051,-0.2688,-0.2531,-0.2421,-0.2447,-0.2235,-0.2378,-0.2441,-0.2362,-0.2107,-0.1789,-0.1585,-0.1973,-0.2003,-0.1861,-0.2538,-0.2802,-0.1533,-0.1860,-0.2303,-0.2178,-0.1674,-0.1959,-0.1841,-0.2119,-0.2188,-0.2490,-0.3344,-0.2748,-0.2232,-0.3738,-0.3948,-0.3356,-0.3286,-0.3278,-0.4058,-0.4734,-0.5007,-0.4918,-0.5735,-0.7065,-0.7001,-0.7748,-0.8585,-0.9422,-0.9886,-1.1031,-1.1504,-1.2325,-1.3048,-1.3456,-1.4314,-1.4952,-1.4564,-1.4733,-1.4257,-1.4020,-1.3472,-1.2624,-1.1608,-1.1183,-0.9984,-0.8737,-0.7977,-0.6976,-0.5967,-0.5666,-0.5165,-0.4629,-0.3771,-0.3560,-0.3251,-0.2942,-0.2283,-0.2941,-0.2952,-0.2426,-0.2591,-0.2261,-0.1364,-0.2519,-0.2740,-0.1662,-0.2623,-0.4212,-0.2544,-0.2142,-0.3038,-0.3348,-0.3161,-0.3151,-0.3368,-0.3683,-0.4291,-0.4393,-0.4710,-0.5073,-0.5836,-0.6116,-0.6666,-0.7473,-0.7850,-0.8348,-0.9753,-1.2066,-1.2143,-1.2585,-1.3883,-1.5836,-1.6438,-1.8376,-1.9521,-2.0646,-2.2070,-2.1546,-2.2230,-2.2866,-2.3439,-2.3055,-2.1836,-2.1124,-2.0043,-1.8686,-1.7795,-1.6134,-1.4904,-1.2887,-1.1649,-0.9785,-0.8768,-0.7702,-0.7143,-0.5594,-0.5162,-0.5430,-0.4619,-0.4495,-0.4137,-0.3660,-0.3326,-0.3502,-0.3623,-0.2781,-0.3132,-0.3059,-0.3377,-0.2970,-0.3550,-0.3446,-0.3674,-0.3483,-0.3617,-0.3631,-0.2641,-0.4643,-0.4328,-0.4510,-0.4700,-0.4510,-0.6322,-0.6593,-0.6336,-0.7742,-0.8775,-0.9000,-1.0376,-1.1480,-1.2996,-1.5048,-1.6498,-1.7934,-2.0599,-2.3056,-2.5356,-2.7640,-3.0041,-3.2158,-3.4296,-3.6133,-3.7868,-3.8369,-3.8476,-3.8768,-3.7245,-3.5909,-3.4004,-3.2072,-2.8621,-2.5588,-2.3110,-1.9521,-1.6495,-1.5426,-1.2795,-1.0236,-0.9286,-0.7563,-0.6701,-0.7104,-0.5798,-0.5550,-0.4745,-0.4371,-0.4439,-0.4485,-0.4136,-0.4288,-0.4015,-0.3336,-0.3506,-0.3790,-0.3804,-0.3000,-0.3500,-0.2717,-0.3771,-0.3512,-0.3878,-0.4209,-0.3986,-0.4419,-0.5266,-0.5660,-0.6186,-0.7009,-0.7563,-0.8157,-0.9863,-1.1017,-1.2675,-1.4453,-1.7009,-1.7666,-2.0933,-2.4463,-2.6907,-3.0597,-3.3998,-3.7636,-4.1218,-4.6113,-5.0070,-5.3868,-5.7074,-6.0395,-6.2383,-6.3680,-6.4709,-6.3337,-6.1673,-5.7385,-5.3403,-4.8931,-4.3970,-3.8483,-3.3137,-2.8862,-2.4066,-2.0139,-1.7042,-1.4866,-1.2258,-1.0843,-0.9535,-0.8428,-0.7573,-0.6921,-0.5844,-0.5262,-0.4918,-0.4719,11.4627,2.5758,0.0000,0.0000,0.0000,0.0000,0.0000,0.0000,0.0000,0.0000
1.2821,0.0000,0.0000,0.0000,0.0000,0.0000,0.0000,0.0000,0.0000,-2.6683,-6.7674,-0.1593,-0.2275,-0.2257,-0.2112,-0.2206,-0.2562,-0.2843,-0.3107,-0.3298,-0.3251,-0.3019,-0.3417,-0.4012,-0.4082,-0.4493,-0.5036,-0.4729,-0.4704,-0.5377,-0.5293,-0.5430,-0.6059,-0.6347,-0.6454,-0.6858,-0.7340,-0.7862,-0.7648,-0.7197,-0.7762,-0.8940,-0.9481,-0.9259,-0.8884,-1.0201,-1.0073,-0.9624,-1.0065,-1.0256,-1.0788,-1.0757,-0.9865,-0.9739,-0.9305,-0.8652,-0.8325,-0.7724,-0.7160,-0.7074,-0.6488,-0.5717,-0.5594,-0.5385,-0.5194,-0.4899,-0.4656,-0.4588,-0.4534,-0.3920,-0.3409,-0.3918,-0.4911,-0.4682,-0.3930,-0.4611,-0.4893,-0.4621,-0.4441,-0.4155,-0.4504,-0.4466,-0.4134,-0.4621,-0.5112,-0.5146,-0.5325,-0.5897,-0.5249,-0.5735,-0.5790,-0.5742,-0.7324,-0.8292,-0.8461,-0.8728,-0.9156,-1.0773,-1.2367,-1.3582,-1.3528,-1.5668,-1.8028,-1.8967,-2.0422,-2.2238,-2.3454,-2.4881,-2.6717,-2.7847,-2.8766,-3.0354,-3.1405,-3.1390,-3.0783,-2.9539,-2.8225,-2.7182,-2.5365,-2.3027,-2.0879,-1.8683,-1.6325,-1.4739,-1.2650,-1.0873,-0.9767,-0.8674,-0.7499,-0.6680,-0.5833,-0.5897,-0.5646,-0.4213,-0.4510,-0.4657,-0.4134,-0.4267,-0.5054,-0.3949,-0.4279,-0.5943,-0.3074,-0.4205,-0.6202,-0.5993,-0.4856,-0.5920,-0.6134,-0.5755,-0.6077,-0.7020,-0.7509,-0.7385,-0.8259,-0.9744,-1.0609,-1.0578,-1.1917,-1.2916,-1.4520,-1.6419,-1.7331,-1.8844,-2.0942,-2.3400,-2.5011,-2.7618,-2.9214,-3.1542,-3.4601,-3.6081,-3.7941,-3.9603,-4.1553,-4.2783,-4.2873,-4.3020,-4.2312,-4.0683,-3.9273,-3.6579,-3.4897,-3.1304,-2.8246,-2.4955,-2.2594,-1.9912,-1.7827,-1.5004,-1.3265,-1.2361,-1.0423,-0.9951,-0.9042,-0.8194,-0.7090,-0.7782,-0.7044,-0.6140,-0.6179,-0.6095,-0.6130,-0.5936,-0.5694,-0.6386,-0.5570,-0.5942,-0.6271,-0.6367,-0.5044,-0.6430,-0.6610,-0.6367,-0.6803,-0.7011,-0.8145,-0.8465,-0.8994,-0.9738,-1.1050,-1.1110,-1.2515,-1.3817,-1.5795,-1.7346,-1.9557,-2.1587,-2.5119,-2.8382,-3.0983,-3.3867,-3.7804,-4.1731,-4.5352,-4.9899,-5.4332,-5.7224,-6.0162,-6.3771,-6.4726,-6.5681,-6.5361,-6.2810,-5.9143,-5.5357,-5.0815,-4.6325,-4.0349,-3.5558,-3.0952,-2.6957,-2.3646,-2.0492,-1.7996,-1.5701,-1.4632,-1.2153,-1.1032,-0.9908,-0.9108,-0.9011,-0.8041,-0.7486,-0.7161,-0.6233,-0.6304,-0.6245,-0.5593,-0.5856,-0.5329,-0.5330,-0.5640,-0.5271,-0.5407,-0.5894,-0.5268,-0.5682,-0.6906,-0.6793,-0.6384,-0.7934,-0.7979,-0.8902,-1.0239,-1.0964,-1.1472,-1.2958,-1.5279,-1.6532,-1.9440,-2.1622,-2.3775,-2.6981,-2.9542,-3.3390,-3.7042,-4.1730,-4.5324,-5.0467,-5.5855,-6.1416,-6.7582,-7.3330,-7.8543,-8.3472,-8.6248,-8.6540,-8.6650,-8.4420,-7.9435,-7.3306,-6.6484,-5.8891,-5.1922,-4.5742,-3.8957,-3.3607,-2.8465,-2.5208,-2.1773,-1.8593,-1.6912,-1.5252,-1.3545,-1.2144,-1.1414,-1.0881,11.0129,2.5761,0.0000,0.0000,0.0000,0.0000,0.0000,0.0000,0.0000,0.0000
1.1539,0.0000,0.0000,0.0000,0.0000,0.0000,0.0000,0.0000,0.0000,-3.0522,-6.4725,-0.4034,-0.4745,-0.4302,-0.4195,-0.4468,-0.5125,-0.5336,-0.5126,-0.5390,-0.5994,-0.6244,-0.6457,-0.7186,-0.7336,-0.7565,-0.8785,-0.9265,-0.9062,-0.9566,-1.0180,-1.0378,-1.0964,-1.1738,-1.2606,-1.3196,-1.3901,-1.4863,-1.5032,-1.5547,-1.6921,-1.7969,-1.8344,-1.8776,-2.0088,-2.1469,-2.2128,-2.2596,-2.3034,-2.3135,-2.3645,-2.3078,-2.2689,-2.2825,-2.2417,-2.1325,-2.0322,-1.9403,-1.8789,-1.7853,-1.6549,-1.5143,-1.4490,-1.3568,-1.2504,-1.1683,-1.1048,-1.0670,-1.0488,-0.9598,-0.8685,-0.8674,-0.8964,-0.8085,-0.8506,-0.9200,-0.9009,-0.9666,-0.8953,-0.8004,-0.8217,-0.8289,-0.8186,-0.8469,-0.8050,-0.8901,-0.9201,-0.8669,-0.9067,-0.9408,-1.0266,-1.0511,-1.0664,-1.1544,-1.1888,-1.2301,-1.3169,-1.4645,-1.6123,-1.7233,-1.8001,-1.9944,-2.2608,-2.4385,-2.6526,-2.8977,-3.1669,-3.4374,-3.7638,-4.0792,-4.4132,-4.7010,-5.0806,-5.2918,-5.4353,-5.4655,-5.4022,-5.3680,-5.1693,-4.8908,-4.5969,-4.2564,-3.8358,-3.4241,-2.9871,-2.6655,-2.3749,-2.0626,-1.7317,-1.5952,-1.4862,-1.2866,-1.1175,-0.9107,-0.9392,-0.9698,-0.8265,-0.7873,-0.7248,-0.6393,-0.6912,-0.8833,-0.9054,-0.9723,-0.8968,-0.9229,-0.8884,-0.8600,-0.9288,-0.9622,-0.9269,-1.0720,-1.1129,-1.0792,-1.1503,-1.2472,-1.3057,-1.4293,-1.4791,-1.6473,-1.7254,-1.7307,-1.9233,-2.1049,-2.3084,-2.5368,-2.7635,-2.9826,-3.2415,-3.5331,-3.8979,-4.2612,-4.6391,-5.0654,-5.4721,-5.8451,-6.1394,-6.4501,-6.6123,-6.5961,-6.6490,-6.4784,-6.3755,-6.1316,-5.7237,-5.2764,-4.8800,-4.4213,-4.0209,-3.5144,-3.1626,-2.8092,-2.5075,-2.2251,-2.0597,-1.8495,-1.6151,-1.6009,-1.3597,-1.2880,-1.2376,-1.2222,-1.1091,-1.0921,-1.0019,-1.0658,-0.9528,-0.9458,-0.9832,-0.9840,-0.8460,-0.9119,-0.9053,-0.8946,-0.9679,-0.9877,-0.9180,-1.0372,-1.0114,-1.0022,-1.1046,-1.0869,-1.1631,-1.1996,-1.3424,-1.4677,-1.6123,-1.7438,-1.9799,-2.2477,-2.5880,-2.8151,-3.2571,-3.6020,-4.0991,-4.7478,-5.2576,-5.8660,-6.5154,-7.2498,-7.7541,-8.2318,-8.5868,-8.9324,-8.9788,-8.8550,-8.6170,-8.2920,-7.8025,-7.1183,-6.5049,-5.8138,-5.2882,-4.6822,-4.1096,-3.6693,-3.2953,-2.8312,-2.6339,-2.3665,-2.1355,-1.9146,-1.7934,-1.7023,-1.4973,-1.3843,-1.3440,-1.1993,-1.1183,-1.0630,-0.9636,-0.8969,-0.8580,-0.8360,-0.8112,-0.6908,-0.6862,-0.7001,-0.6698,-0.6198,-0.6571,-0.6642,-0.5862,-0.6513,-0.6345,-0.6944,-0.7312,-0.8008,-0.8629,-0.8571,-0.8654,-0.9425,-1.0065,-1.1479,-1.1629,-1.2753,-1.4985,-1.7468,-2.0717,-2.4638,-2.9732,-3.5506,-4.2623,-5.1617,-6.1128,-7.0686,-7.9994,-8.7820,-9.5723,-10.0930,-10.3702,-10.4044,-10.1110,-9.5812,-8.9665,-8.2635,-7.4809,-6.6378,-5.8824,-5.2087,-4.6547,-4.1332,-3.7089,-3.3616,-3.0428,-2.7542,-2.5391,-2.5658,10.2722,2.5467,0.0000,0.0000,0.0000,0.0000,0.0000,0.0000,0.0000,0.0000
1.0257,0.0000,0.0000,0.0000,0.0000,0.0000,0.0000,0.0000,0.0632,-3.5358,-6.4379,-0.7758,-0.7842,-0.7585,-0.7648,-0.7865,-0.8132,-0.8439,-0.8998,-0.9209,-0.9454,-0.9960,-1.0548,-1.1567,-1.1972,-1.1976,-1.3065,-1.4692,-1.5354,-1.5806,-1.7150,-1.8450,-1.9262,-2.0223,-2.1750,-2.2939,-2.3634,-2.4857,-2.5986,-2.7215,-2.8888,-3.0295,-3.1459,-3.2984,-3.5256,-3.6462,-3.6817,-3.8022,-3.9856,-4.0613,-4.1150,-4.2318,-4.2764,-4.3327,-4.3341,-4.2659,-4.2456,-4.1475,-4.0474,-3.9172,-3.7375,-3.5513,-3.3862,-3.1917,-3.0089,-2.8426,-2.6531,-2.5235,-2.3960,-2.2824,-2.1600,-2.0024,-1.8360,-1.6245,-1.6684,-1.7354,-1.7147,-1.7442,-1.6549,-1.5724,-1.4402,-1.4274,-1.4431,-1.3924,-1.3851,-1.4568,-1.4737,-1.4515,-1.4804,-1.4842,-1.5147,-1.6051,-1.5547,-1.5514,-1.6211,-1.6502,-1.6973,-1.8379,-1.9195,-2.0339,-2.0789,-2.1748,-2.3650,-2.5596,-2.7472,-2.9948,-3.3819,-3.7484,-4.1230,-4.5395,-5.1544,-5.5819,-6.1131,-6.5451,-7.0537,-7.3466,-7.6210,-7.8406,-7.9093,-7.8827,-7.7678,-7.5187,-7.1587,-6.6996,-6.1760,-5.7185,-5.2528,-4.6901,-4.1485,-3.8010,-3.2822,-2.8683,-2.6604,-2.3678,-2.1376,-1.9957,-1.8084,-1.6608,-1.4744,-1.5130,-1.5785,-1.7083,-1.8355,-1.8385,-1.6786,-1.4062,-1.5353,-1.5848,-1.4953,-1.4274,-1.5456,-1.6502,-1.7163,-1.6919,-1.6393,-1.6506,-1.6224,-1.6436,-1.7336,-1.7877,-1.7716,-1.7744,-1.8973,-2.0757,-2.1308,-2.2756,-2.4496,-2.6410,-2.9415,-3.1983,-3.4817,-3.9073,-4.3948,-4.9534,-5.4600,-5.9958,-6.4704,-7.1027,-7.5587,-7.9543,-8.3034,-8.6563,-8.7785,-9.0184,-8.8938,-8.6078,-8.2963,-7.9140,-7.4481,-6.8505,-6.4153,-5.7879,-5.3318,-4.8131,-4.4935,-4.0779,-3.7031,-3.3567,-3.0753,-2.8000,-2.6948,-2.5100,-2.2986,-2.2419,-2.1239,-2.0920,-1.9645,-1.8239,-1.8727,-1.8090,-1.7501,-1.7834,-1.6388,-1.6447,-1.7695,-1.7653,-1.6711,-1.5437,-1.4936,-1.3998,-1.3740,-1.2487,-1.3176,-1.1964,-1.2591,-1.2237,-1.2207,-1.1615,-1.0721,-1.1283,-1.2668,-1.3604,-1.5150,-1.8140,-2.0804,-2.5048,-2.9585,-3.5081,-4.2423,-5.0258,-5.7972,-6.7645,-7.7053,-8.6424,-9.4476,-10.1386,-10.5508,-10.8731,-10.8385,-10.6355,-10.3141,-9.7750,-9.2467,-8.6008,-7.9801,-7.3482,-6.6916,-6.1429,-5.6181,-5.1742,-4.7492,-4.3615,-4.0167,-3.7343,-3.4406,-3.2502,-2.9906,-2.7467,-2.5395,-2.4015,-2.0782,-1.9940,-1.8687,-1.6587,-1.5106,-1.3722,-1.3134,-1.1760,-1.0256,-1.0253,-0.8376,-0.8513,-0.6432,-0.6045,-0.5262,-0.4406,-0.3395,-0.2571,-0.1497,-0.0893,-0.0538,0.0841,0.1636,0.1826,0.2047,0.2092,0.0987,-0.0105,-0.3054,-0.5601,-0.8311,-1.3287,-1.9093,-2.6384,-3.4000,-4.3376,-5.4393,-6.4796,-7.6114,-8.7492,-9.7228,-10.5886,-11.2043,-11.5954,-11.6972,-11.5076,-11.0855,-10.5440,-9.9374,-9.1981,-8.4666,-7.8213,-7.2559,-6.6471,-6.1059,-5.6776,-5.2661,-4.9981,9.1842,2.4735,0.0000,0.0000,0.0000,0.0000,0.0000,0.0000,0.0000,0.0000
0.8975,0.0000,0.0000,0.0000,0.0000,0.0000,0.0000,0.0000,4.2119,2.1273,-4.4540,-1.6129,-1.4457,-1.3962,-1.4087,-1.3815,-1.3649,-1.4331,-1.4658,-1.4783,-1.4742,-1.5365,-1.6533,-1.7636,-1.8654,-1.9081,-1.9967,-2.2151,-2.3867,-2.4843,-2.6969,-2.9135,-3.0651,-3.1904,-3.3282,-3.4752,-3.5967,-3.8235,-3.9803,-4.0831,-4.2448,-4.3857,-4.5664,-4.6865,-4.8394,-5.0046,-5.2070,-5.3922,-5.5578,-5.8047,-6.0473,-6.2532,-6.4242,-6.5678,-6.6751,-6.7820,-6.9190,-6.9721,-6.9415,-6.8753,-6.7575,-6.6156,-6.4430,-6.2131,-5.9968,-5.7740,-5.5498,-5.3019,-5.0623,-4.9473,-4.6800,-4.3225,-4.0336,-3.7349,-3.5749,-3.4598,-3.3801,-3.2811,-3.1976,-3.0737,-2.8740,-2.7876,-2.7044,-2.5975,-2.4822,-2.4659,-2.5011,-2.5016,-2.5365,-2.5796,-2.5822,-2.5922,-2.5981,-2.5592,-2.5795,-2.5893,-2.5567,-2.5848,-2.5888,-2.5610,-2.6186,-2.6720,-2.7271,-2.9118,-3.0581,-3.1989,-3.5078,-3.8479,-4.1375,-4.4521,-4.9853,-5.4888,-5.9220,-6.3774,-6.9769,-7.5357,-8.1697,-8.7048,-9.1786,-9.6406,-9.9712,-10.1927,-10.2895,-10.2152,-9.9720,-9.6533,-9.2769,-8.7472,-8.2007,-7.5686,-6.8991,-6.3219,-5.8435,-5.3394,-4.8232,-4.5365,-4.1430,-3.8170,-3.6674,-3.6149,-3.8018,-4.0562,-4.0302,-3.7309,-2.7802,-2.6126,-2.6688,-2.6453,-2.6746,-2.6573,-2.7804,-2.8102,-2.8201,-2.8479,-2.7449,-2.6187,-2.6029,-2.5824,-2.5480,-2.5039,-2.5496,-2.5431,-2.5682,-2.6642,-2.6249,-2.6822,-2.7602,-2.9365,-3.1080,-3.2766,-3.4809,-3.8116,-4.2421,-4.5530,-4.9675,-5.4044,-5.8422,-6.4531,-7.0632,-7.6742,-8.2599,-8.9705,-9.4372,-10.0629,-10.4077,-10.6721,-10.8835,-10.9109,-10.7361,-10.4937,-10.2636,-9.7581,-9.3159,-8.7965,-8.3011,-7.8029,-7.3303,-6.8103,-6.4290,-5.9858,-5.6987,-5.3099,-5.0495,-4.8351,-4.5986,-4.4007,-4.2628,-4.0589,-3.9526,-3.9138,-3.8357,-3.7479,-3.6811,-3.5956,-3.7440,-3.6923,-3.6922,-3.3595,-3.3275,-3.1516,-2.9434,-2.8892,-2.7170,-2.6094,-2.4862,-2.2368,-2.1199,-1.8438,-1.5278,-1.3548,-1.2816,-1.1716,-1.0908,-1.1996,-1.2708,-1.4191,-1.6225,-1.9424,-2.3487,-2.6905,-3.3187,-4.1281,-5.1082,-6.1574,-7.3045,-8.5260,-9.6062,-10.6341,-11.4480,-11.9541,-12.3243,-12.3866,-12.2998,-12.0136,-11.7677,-11.3781,-10.7922,-10.3663,-9.8895,-9.3010,-8.8608,-8.3519,-7.9686,-7.5336,-7.1039,-6.8029,-6.4226,-6.0113,-5.7242,-5.3775,-5.0256,-4.7170,-4.4069,-4.0887,-3.8146,-3.6588,-3.3530,-3.0758,-2.7644,-2.6832,-2.4585,-2.2417,-2.0561,-1.8887,-1.7899,-1.6570,-1.4518,-1.2960,-1.2071,-1.1540,-1.1201,-1.1040,-0.9929,-1.0391,-1.2071,-1.1838,-1.3315,-1.5623,-1.8093,-2.0971,-2.3484,-2.7459,-3.1624,-3.5058,-3.8936,-4.5036,-5.0870,-5.8102,-6.6104,-7.4017,-8.2626,-9.1442,-10.1187,-11.0143,-11.7590,-12.2535,-12.6317,-12.8624,-12.7138,-12.4620,-12.1573,-11.6754,-11.2371,-10.7080,-10.2485,-9.7787,-9.2973,-8.5693,7.6102,2.3324,0.0000,0.0000,0.0000,0.0000,0.0000,0.0000,0.0000,0.0000
0.7693,0.0000,0.0000,0.0000,0.0000,0.0000,0.0000,0.0000,16.5150,21.3450,2.5480,-3.7829,-3.5016,-3.2746,-3.1544,-3.0531,-2.9195,-2.7972,-2.7244,-2.6872,-2.6711,-2.7270,-2.7609,-2.8170,-2.9743,-3.0721,-3.1559,-3.3154,-3.4901,-3.6168,-3.8760,-4.0939,-4.3036,-4.5379,-4.7361,-4.8948,-5.0543,-5.3398,-5.5361,-5.6455,-5.7679,-5.8974,-6.0624,-6.1684,-6.2685,-6.4778,-6.7091,-6.8824,-7.0341,-7.2492,-7.5086,-7.7364,-8.0013,-8.2881,-8.5191,-8.7488,-9.0209,-9.3086,-9.4961,-9.6058,-9.6804,-9.7293,-9.7622,-9.7475,-9.6395,-9.5259,-9.4398,-9.3032,-9.3601,-9.4534,-8.7949,-8.0600,-7.8527,-7.6477,-7.3858,-7.0637,-6.8523,-6.6153,-6.2699,-5.9539,-5.6684,-5.4092,-5.2161,-5.0752,-4.9365,-4.7563,-4.6607,-4.5996,-4.5181,-4.4555,-4.4821,-4.5249,-4.4953,-4.5042,-4.4473,-4.4383,-4.4185,-4.4255,-4.4391,-4.3817,-4.4764,-4.4977,-4.5360,-4.6789,-4.8408,-4.9438,-5.0307,-5.1254,-5.2153,-5.3750,-5.4982,-5.8099,-6.0495,-6.3309,-6.7152,-7.2333,-7.8631,-8.4719,-9.1148,-9.7821,-10.4060,-11.0154,-11.5736,-12.0187,-12.3963,-12.5674,-12.5386,-12.5685,-12.4160,-12.0156,-11.6026,-11.1182,-10.6051,-10.1199,-9.4962,-9.0194,-8.6200,-8.2213,-7.9029,-7.8847,-8.0636,-8.2971,-9.1423,-7.5394,-5.9510,-5.8108,-5.6497,-5.5034,-5.4630,-5.3909,-5.3815,-5.4320,-5.5281,-5.5086,-5.3010,-5.1934,-5.2266,-4.9218,-4.8346,-4.8806,-4.8546,-4.7947,-4.8188,-4.9099,-4.8721,-4.9165,-5.0384,-5.1972,-5.2836,-5.3652,-5.5208,-5.6739,-5.7487,-5.9049,-6.1988,-6.3472,-6.7083,-7.0262,-7.4336,-7.8513,-8.3645,-8.8769,-9.4266,-9.9731,-10.4928,-11.0207,-11.6168,-12.0185,-12.3451,-12.6521,-12.8213,-12.8642,-12.8107,-12.6341,-12.3389,-12.0474,-11.7105,-11.3751,-10.9257,-10.5584,-10.2262,-9.8273,-9.4381,-9.1695,-8.8061,-8.5806,-8.3248,-8.1019,-7.9535,-7.8294,-7.6318,-7.5190,-7.4293,-7.4630,-7.8194,-7.7467,-7.4056,-7.2987,-7.3453,-7.2587,-7.1596,-7.0462,-6.8740,-6.6928,-6.5720,-6.2783,-6.1181,-5.8407,-5.6034,-5.3307,-5.1585,-4.8714,-4.6711,-4.5454,-4.5350,-4.5957,-4.6068,-4.5689,-4.7441,-4.7621,-4.7311,-4.7679,-4.8559,-5.1968,-5.7913,-6.5824,-7.6645,-8.8648,-9.9747,-11.0650,-11.9960,-12.7523,-13.2946,-13.6209,-13.8187,-13.8352,-13.8069,-13.6897,-13.5529,-13.3140,-13.0502,-12.7727,-12.4657,-12.1613,-11.8188,-11.5682,-11.1898,-10.8202,-10.5696,-10.1794,-9.8913,-9.5424,-9.1674,-8.7199,-8.4399,-8.0762,-7.7066,-7.2719,-6.9157,-6.5663,-6.3216,-5.9831,-5.7716,-5.6483,-5.4137,-5.2750,-5.1832,-5.1357,-5.2603,-5.2670,-5.3157,-5.4454,-5.4707,-5.6830,-5.8727,-6.0954,-6.2797,-6.5250,-6.9938,-7.3176,-7.5437,-7.8792,-8.0020,-8.0957,-8.2707,-8.4063,-8.4084,-8.4460,-8.6255,-8.7317,-9.0608,-9.4564,-9.9387,-10.4609,-11.1053,-11.7627,-12.4536,-12.9856,-13.4198,-13.7209,-13.8889,-13.9614,-13.9222,-13.7729,-13.6343,-13.4181,-13.1562,-12.4683,5.5719,2.0918,0.0000,0.0000,0.0000,0.0000,0.0000,0.0000,0.0000,0.0000
0.6410,0.0000,0.0000,0.0000,0.0000,0.0000,0.0000,0.0000,-2.4973,-6.5966,-8.2057,-8.0421,-7.6500,-7.3414,-6.9750,-6.6290,-6.3832,-6.0972,-5.8042,-5.5734,-5.4264,-5.3588,-5.2942,-5.1745,-5.2052,-5.2960,-5.3060,-5.3565,-5.5040,-5.5710,-5.7148,-5.9310,-6.1089,-6.3179,-6.5480,-6.7539,-6.9450,-7.1438,-7.3247,-7.5053,-7.7235,-7.8895,-7.9840,-8.1134,-8.2261,-8.3782,-8.6282,-8.8005,-8.9576,-9.1200,-9.2935,-9.5145,-9.7499,-9.9797,-10.2269,-10.5188,-10.7888,-11.0583,-11.3539,-11.6231,-11.8581,-12.0850,-12.3685,-12.5783,-12.6252,-12.6590,-12.8090,-13.2448,-14.3687,-14.9055,-13.6052,-12.5919,-12.6595,-12.6493,-12.5105,-12.3032,-12.2670,-12.1735,-11.6800,-10.9815,-10.4083,-10.0260,-9.6579,-9.4372,-9.1683,-8.8938,-8.7120,-8.4919,-8.2686,-8.0836,-7.9438,-7.9228,-7.9008,-7.8736,-7.8648,-7.8185,-7.7432,-7.8545,-7.9940,-8.0531,-8.2005,-8.1826,-8.3365,-8.4090,-8.4284,-8.4447,-8.3224,-8.1828,-8.1267,-8.1606,-8.0729,-8.0692,-8.2202,-8.3050,-8.4265,-8.6535,-8.9741,-9.3074,-9.7146,-10.1347,-10.5929,-11.1622,-11.7344,-12.2904,-12.8280,-13.4283,-13.8612,-14.3162,-14.6522,-14.8291,-15.0520,-15.0646,-14.9823,-14.8492,-14.6041,-14.3299,-14.0503,-13.7100,-13.3520,-13.4342,-14.2947,-14.8047,-14.7956,-11.8988,-11.7749,-11.8112,-11.5927,-11.3725,-11.2379,-11.0242,-10.7272,-10.7132,-10.7751,-10.8379,-10.5936,-10.0746,-10.1406,-10.0934,-9.9731,-9.8058,-9.7131,-9.6720,-9.5693,-9.5967,-9.6346,-9.5789,-9.5775,-9.6262,-9.5942,-9.6216,-9.7219,-9.8003,-9.7191,-9.7068,-9.8311,-9.8215,-9.9063,-9.9674,-10.0519,-10.1987,-10.3822,-10.6054,-10.8624,-11.1396,-11.3657,-11.6076,-12.0444,-12.4380,-12.8917,-13.3883,-13.8329,-14.2505,-14.6200,-14.8753,-15.0969,-15.2181,-15.2766,-15.2646,-15.1650,-15.0536,-14.9673,-14.7458,-14.4972,-14.3547,-14.0981,-13.9672,-13.7367,-13.6373,-13.4664,-13.3493,-13.0280,-12.7168,-12.4438,-12.6016,-13.7774,-13.6385,-12.7867,-13.0447,-13.3157,-13.5693,-13.6988,-13.2871,-13.0201,-13.1281,-13.1563,-12.9899,-12.8243,-13.0090,-13.0724,-12.7335,-12.5901,-12.3499,-12.1541,-11.8422,-11.7337,-11.7045,-11.6074,-11.5009,-11.4992,-11.3783,-11.2408,-10.8186,-10.1345,-9.2514,-8.6034,-8.2070,-8.2129,-8.6685,-9.4100,-10.4082,-11.3052,-12.2906,-13.1302,-13.8310,-14.3129,-14.7116,-15.0006,-15.2470,-15.4226,-15.5973,-15.7566,-15.8492,-15.9008,-15.8386,-15.8379,-15.8488,-15.7506,-15.6832,-15.5708,-15.4739,-15.4065,-15.2592,-14.9727,-14.7321,-14.6205,-14.2776,-13.9359,-13.6815,-13.3569,-13.0282,-12.7055,-12.4605,-12.3185,-12.0764,-11.8544,-11.8003,-11.7273,-11.8790,-12.2179,-12.2293,-12.2807,-12.7511,-13.0351,-13.4411,-13.5909,-13.6070,-13.7988,-13.9885,-14.2219,-14.2284,-14.2004,-14.4094,-14.3156,-14.1769,-14.0323,-13.6302,-13.2455,-13.0254,-12.6072,-12.3412,-12.1304,-11.9255,-11.9083,-11.8746,-12.0640,-12.3147,-12.7087,-13.0839,-13.4922,-13.9749,-14.3109,-14.7261,-15.0351,-15.2897,-15.5702,-15.6945,-15.7125,-15.4654,3.4994,1.7922,0.0000,0.0000,0.0000,0.0000,0.0000,0.0000,0.0000,0.0000
0.5128,0.0000,0.0000,0.0000,0.0000,0.0000,0.0000,0.0000,-2.4165,-11.5072,-14.4377,-13.8303,-13.4920,-12.9963,-12.6809,-12.3306,-12.0475,-11.7847,-11.4731,-11.0052,-10.7661,-10.6209,-10.5215,-10.2511,-9.9651,-9.9046,-9.8326,-9.7134,-9.6902,-9.7103,-9.6851,-9.7412,-9.7688,-9.7887,-9.9741,-10.1213,-10.2377,-10.3856,-10.5353,-10.6684,-10.9138,-11.1294,-11.1973,-11.3004,-11.4112,-11.5132,-11.6522,-11.7770,-11.9363,-12.0314,-12.0709,-12.2038,-12.3352,-12.4261,-12.5466,-12.7162,-12.9015,-13.0518,-13.2266,-13.4503,-13.7255,-14.0433,-14.3690,-14.6545,-14.7754,-14.7927,-15.1420,-16.2638,-18.6473,-19.5714,-17.7303,-16.6737,-16.9120,-17.1415,-17.4451,-18.0244,-19.1804,-19.7098,-18.2781,-16.3042,-15.3272,-15.4098,-15.2160,-14.9257,-14.6099,-14.4213,-14.3186,-13.9791,-13.6399,-13.5675,-13.4193,-13.3239,-13.2654,-13.2427,-13.3888,-13.5051,-13.5605,-13.7053,-13.8213,-13.9703,-14.0960,-13.9343,-13.8074,-13.7959,-13.6583,-13.3768,-13.1577,-13.0511,-12.8933,-12.7622,-12.6716,-12.4820,-12.4675,-12.4560,-12.4366,-12.4161,-12.3453,-12.2893,-12.3232,-12.3857,-12.5028,-12.6850,-12.9091,-13.1705,-13.5279,-13.9621,-14.4702,-14.9424,-15.4576,-16.0072,-16.5307,-16.9670,-17.2766,-17.6343,-17.8798,-18.1215,-18.2152,-18.0478,-17.9579,-18.4117,-20.0697,-21.4683,-18.5243,-17.1140,-18.1070,-18.8952,-18.9467,-18.6706,-18.1433,-17.2761,-16.7865,-16.6474,-16.7550,-17.1790,-17.9237,-17.6456,-16.7793,-17.9768,-17.5557,-17.0640,-16.8226,-16.6864,-16.5450,-16.3686,-16.3318,-16.1305,-15.9975,-15.9307,-15.7814,-15.6975,-15.6858,-15.5757,-15.4873,-15.3717,-15.1494,-14.9604,-14.7097,-14.5560,-14.3509,-14.1913,-14.1485,-14.0389,-14.0615,-14.0513,-13.9192,-13.8255,-13.8715,-14.0438,-14.2489,-14.5524,-14.8973,-15.2947,-15.7182,-16.0836,-16.5106,-16.9159,-17.2620,-17.5635,-17.8461,-18.0414,-18.2262,-18.2934,-18.4356,-18.5135,-18.5230,-18.5757,-18.5220,-18.5384,-18.6227,-18.6158,-18.2379,-17.3960,-16.6071,-16.9570,-19.0056,-18.6181,-17.9231,-19.2135,-20.4669,-21.8881,-23.0397,-20.4864,-19.2399,-19.4986,-20.6708,-19.6518,-19.4960,-19.9576,-20.1587,-20.2168,-20.1251,-19.8460,-19.7595,-19.5904,-19.1471,-18.8124,-18.6062,-18.6316,-18.3204,-18.2369,-18.1137,-17.9270,-17.0441,-16.1077,-15.0445,-13.8825,-12.7963,-12.0854,-11.9036,-11.9883,-12.4844,-13.1727,-13.8129,-14.5158,-15.0376,-15.5191,-15.8172,-16.2263,-16.5108,-16.8099,-17.1608,-17.5355,-17.8206,-18.1454,-18.3603,-18.5912,-18.8044,-19.0008,-19.1046,-19.3748,-19.5435,-19.7567,-19.8562,-20.0185,-20.0668,-20.1741,-20.1004,-20.0471,-19.9783,-19.9188,-19.7659,-19.6404,-19.5510,-19.4553,-19.3455,-19.2886,-19.8678,-21.2863,-21.2542,-19.6651,-19.5049,-20.1064,-20.7138,-22.7198,-24.1060,-21.8173,-20.2266,-21.7970,-21.9229,-20.1676,-19.7228,-19.4148,-19.0761,-18.5091,-18.0306,-17.7118,-17.2770,-16.7810,-16.2539,-15.8991,-15.5353,-15.1317,-14.8430,-14.6573,-14.5614,-14.4696,-14.5634,-14.7208,-14.9152,-15.1848,-15.4937,-15.8107,-16.1855,-16.5227,-16.9302,-17.3369,-17.4031,-17.5865,1.5720,1.4726,0.0000,0.0000,0.0000,0.0000,0.0000,0.0000,0.0000,0.0000
0.3846,0.0000,0.0000,0.0000,0.0000,0.0000,0.0000,0.0000,-6.1236,-15.3864,-18.2174,-18.1898,-18.2157,-18.4216,-18.4572,-18.4018,-18.3325,-18.3042,-18.1244,-17.8775,-17.7596,-17.5956,-17.3392,-16.9880,-16.7403,-16.5621,-16.4173,-16.1559,-15.9742,-15.8876,-15.7586,-15.5748,-15.4758,-15.3421,-15.2476,-15.2728,-15.2873,-15.2637,-15.2395,-15.2620,-15.4060,-15.4504,-15.3877,-15.4647,-15.5505,-15.5391,-15.4827,-15.4963,-15.4995,-15.5617,-15.5943,-15.5585,-15.5785,-15.6014,-15.6065,-15.6625,-15.7413,-15.7996,-15.8489,-15.9385,-16.1183,-16.3552,-16.5651,-16.7494,-16.8290,-16.9116,-17.8707,-19.5579,-21.3768,-23.0011,-23.0131,-21.3764,-20.1985,-20.1215,-21.5554,-24.2714,-27.1494,-27.8931,-24.7143,-20.8381,-19.1699,-18.9757,-19.0766,-18.8185,-18.8322,-19.1159,-19.1538,-19.0725,-19.2463,-19.5528,-19.6088,-19.6519,-19.6735,-20.0566,-20.5683,-20.7898,-21.0434,-20.9368,-20.7241,-20.5379,-20.3298,-20.0508,-19.7803,-19.5931,-19.3950,-19.0209,-18.7813,-18.6827,-18.5564,-18.3243,-18.1769,-17.9265,-17.6163,-17.4142,-17.2285,-16.9646,-16.6375,-16.3358,-16.0740,-15.9177,-15.7360,-15.5631,-15.4948,-15.4913,-15.5518,-15.6557,-15.8638,-16.2300,-16.6696,-17.0767,-17.5181,-18.0178,-18.5037,-19.0358,-19.6238,-20.1145,-20.4188,-20.3465,-19.8949,-20.5968,-22.8373,-21.4221,-18.8883,-19.9504,-21.5340,-22.1940,-22.5023,-22.0634,-21.5314,-21.0481,-21.2391,-21.7300,-21.5016,-21.2565,-22.8660,-24.1458,-25.1275,-24.3816,-24.6295,-24.3734,-24.1301,-23.9077,-23.6951,-23.3262,-23.1025,-22.8364,-22.5789,-22.3351,-21.8803,-21.5806,-21.4413,-21.1286,-20.8274,-20.5617,-19.9980,-19.4479,-18.9237,-18.5863,-18.1389,-17.7239,-17.4699,-17.2305,-17.0364,-16.7938,-16.6351,-16.5122,-16.3476,-16.3570,-16.4255,-16.5107,-16.6320,-16.8782,-17.1021,-17.3305,-17.6551,-18.0805,-18.4850,-18.8491,-19.1905,-19.5069,-19.8382,-20.3831,-20.6125,-20.7150,-20.9153,-21.1181,-21.2296,-21.1175,-21.5366,-21.6969,-21.2071,-19.7230,-18.2067,-19.0356,-19.3427,-19.7488,-19.9636,-23.2044,-29.0653,-33.2517,-34.9516,-29.0909,-23.6050,-24.1729,-26.3695,-23.7066,-22.9559,-24.1086,-24.5724,-24.5211,-24.6232,-24.4902,-24.2526,-24.0837,-23.6679,-23.2138,-22.8782,-22.4737,-22.0752,-21.7541,-21.5355,-21.0472,-20.6981,-20.2027,-19.5220,-18.7610,-17.8693,-16.9817,-16.0632,-15.5381,-15.3232,-15.3503,-15.7387,-16.0627,-16.5406,-16.8118,-17.1305,-17.5131,-17.8985,-18.1186,-18.5050,-18.7750,-19.1312,-19.4227,-19.8321,-20.0967,-20.3156,-20.7645,-20.9930,-21.2344,-21.5314,-21.9247,-22.2938,-22.6588,-22.8910,-23.2392,-23.4687,-23.7831,-23.9985,-24.1615,-24.2329,-24.4438,-24.4246,-24.3849,-24.1892,-24.1924,-26.9078,-31.9854,-30.9053,-25.9390,-23.9824,-24.5378,-25.8470,-33.2345,-37.9344,-30.5892,-25.0975,-30.3682,-30.7010,-24.4376,-22.6181,-22.1452,-21.5907,-20.9878,-20.3029,-19.7600,-19.4109,-18.8839,-18.4127,-17.9015,-17.4966,-17.1275,-16.7503,-16.6013,-16.5082,-16.4327,-16.4439,-16.3827,-16.6152,-16.7072,-16.8408,-17.0830,-17.2809,-17.5132,-17.7977,-18.1728,-18.3216,-18.4649,-0.1309,1.1143,0.0000,0.0000,0.0000,0.0000,0.0000,0.0000,0.0000,0.0000
0.2564,0.0000,0.0000,0.0000,0.0000,0.0000,0.0000,0.0000,-12.4552,-19.0419,-19.7924,-20.4172,-20.7707,-21.3613,-21.8222,-21.9075,-21.9214,-21.9330,-21.8170,-21.8878,-21.8060,-21.7361,-21.5633,-21.2696,-21.1488,-20.9945,-20.8115,-20.6565,-20.5479,-20.4690,-20.2385,-19.9707,-19.7955,-19.6090,-19.4415,-19.4432,-19.4995,-19.3649,-19.1397,-18.9959,-18.9913,-19.0531,-19.1261,-19.0396,-18.9015,-18.8103,-18.6649,-18.5076,-18.3117,-18.2774,-18.3181,-18.1666,-17.9981,-17.9440,-17.8622,-17.7561,-17.7280,-17.7283,-17.6955,-17.7099,-17.7636,-17.8941,-18.0228,-17.9645,-17.8317,-18.0173,-19.4547,-20.7005,-20.4860,-23.2193,-27.4391,-26.4564,-22.8550,-21.5805,-23.7980,-27.8104,-29.4198,-27.3259,-24.9364,-22.3496,-19.6721,-19.2709,-20.0717,-19.7748,-19.4077,-20.4293,-20.9020,-21.3028,-21.6046,-21.0248,-21.6072,-22.7772,-23.1073,-23.5984,-24.2135,-24.3387,-24.3290,-24.2791,-24.1152,-24.0266,-23.7662,-23.6229,-23.2350,-22.8210,-22.6774,-22.3839,-21.9464,-21.6955,-21.5813,-21.2333,-20.9188,-20.5935,-20.1076,-19.7722,-19.4009,-18.9916,-18.6630,-18.2985,-17.9565,-17.7153,-17.3797,-17.1358,-17.0389,-16.9090,-16.7898,-16.7928,-16.8433,-17.1016,-17.3721,-17.6420,-17.9325,-18.3953,-18.8406,-19.2557,-19.7442,-20.0472,-20.1728,-20.0060,-20.1789,-20.9870,-18.7220,-15.7899,-15.1469,-15.2273,-16.7487,-18.2265,-19.1053,-18.6527,-18.5540,-19.6149,-19.1594,-20.1320,-19.0647,-19.4665,-20.2720,-22.1025,-23.8691,-24.5853,-25.0564,-25.2127,-25.3309,-25.0152,-24.6760,-24.4292,-24.1029,-23.7613,-23.4240,-22.9221,-22.3984,-22.0779,-21.6293,-21.3008,-20.8247,-20.3352,-19.7103,-19.3195,-18.8516,-18.4038,-18.0002,-17.5799,-17.2693,-17.0275,-16.8484,-16.7030,-16.6440,-16.6221,-16.6214,-16.6315,-16.7289,-16.7360,-16.9068,-17.1039,-17.2355,-17.3746,-17.7232,-18.2273,-18.5650,-18.6224,-18.8364,-19.1313,-19.7559,-21.7202,-20.9494,-20.2855,-20.5166,-21.4678,-22.0098,-20.6530,-20.9932,-20.9991,-20.0801,-18.2209,-16.5890,-17.7203,-15.5845,-17.7819,-18.0957,-22.2309,-33.2639,-37.9407,-35.7522,-33.8329,-24.0069,-23.8505,-22.8206,-21.3488,-20.3614,-21.7362,-22.9368,-22.7473,-22.9553,-22.9871,-22.9809,-22.5641,-22.2581,-21.8055,-21.4095,-21.1101,-20.2490,-19.7938,-19.1339,-18.7152,-18.4347,-18.5796,-18.4062,-18.0756,-17.9296,-17.1460,-16.6636,-16.1832,-15.6140,-15.4409,-15.4352,-15.8179,-15.9452,-16.0502,-16.3585,-16.6530,-17.1628,-17.3108,-17.5738,-17.6926,-17.9632,-18.1140,-18.4397,-18.9421,-19.0832,-19.5166,-19.8130,-20.0447,-20.2269,-20.4809,-20.8882,-21.3048,-21.5365,-21.7097,-22.1362,-22.6456,-22.7443,-23.0220,-23.1911,-23.3376,-23.6838,-23.4101,-22.5892,-21.6408,-22.0527,-22.2658,-24.0511,-25.6714,-24.0298,-24.9707,-26.5631,-33.8483,-31.8996,-34.9134,-27.8272,-26.9667,-28.1988,-23.0154,-20.6966,-19.7237,-19.0978,-18.4980,-18.0616,-17.5853,-16.6979,-16.3685,-15.9391,-15.3979,-15.1980,-14.9775,-14.5214,-14.3795,-14.5106,-14.4214,-14.4401,-14.4694,-14.5332,-14.6726,-14.7747,-14.8829,-15.0725,-15.0863,-15.2240,-15.4849,-15.5150,-15.2613,-0.6983,0.7847,0.0000,0.0000,0.0000,0.0000,0.0000,0.0000,0.0000,0.0000
0.1282,0.0000,0.0000,0.0000,0.0000,0.0000,0.0000,0.0000,-9.6860,-16.4381,-18.5155,-19.1722,-19.6177,-19.9689,-20.2935,-20.5369,-20.5547,-20.4167,-20.2066,-20.2476,-20.0951,-20.0249,-19.9808,-19.7609,-19.6508,-19.4226,-19.2187,-19.0979,-19.0759,-19.0211,-18.8167,-18.6182,-18.5155,-18.4334,-18.3015,-18.2527,-18.3600,-18.2918,-18.1137,-17.9898,-17.9583,-18.0541,-18.1563,-18.0548,-17.9372,-17.7680,-17.5834,-17.3713,-17.2072,-17.2811,-17.3197,-17.1385,-17.0220,-16.9715,-16.7880,-16.6577,-16.6090,-16.6316,-16.6491,-16.6611,-16.7219,-16.8586,-16.9438,-16.9166,-16.7027,-16.7195,-17.9583,-18.6655,-18.6499,-20.8805,-24.3628,-24.4721,-21.5779,-20.3003,-21.6800,-23.3479,-23.5346,-22.6001,-21.6679,-20.0321,-17.4346,-16.3537,-16.7739,-16.7627,-16.9767,-17.7099,-17.9772,-17.9905,-18.1802,-18.2959,-18.5007,-19.1755,-20.0886,-20.3900,-20.5084,-20.9390,-21.1399,-21.1412,-21.0217,-20.9297,-20.8432,-20.8243,-20.5466,-20.2540,-20.1020,-19.9181,-19.6826,-19.4602,-19.3051,-19.0195,-18.7292,-18.4840,-18.1354,-17.9074,-17.6257,-17.2932,-17.0078,-16.7158,-16.4711,-16.2690,-16.0271,-15.8558,-15.8277,-15.7550,-15.6425,-15.6817,-15.7588,-15.9891,-16.1555,-16.5319,-16.9033,-17.3526,-17.8190,-18.3400,-19.0561,-19.3489,-19.2638,-19.1732,-19.4413,-19.6258,-18.2437,-15.4143,-15.3006,-14.6820,-14.8342,-15.3123,-16.2800,-16.3660,-16.3253,-17.4932,-18.3687,-18.5474,-17.5297,-17.0452,-16.8636,-18.4943,-19.9535,-19.8274,-20.6523,-21.0524,-21.1868,-21.0484,-20.9107,-20.7026,-20.5051,-20.2673,-20.0598,-19.7971,-19.3350,-19.0887,-18.7471,-18.5063,-18.2310,-17.8918,-17.3752,-17.0737,-16.6282,-16.2345,-15.9543,-15.5950,-15.3707,-15.1776,-15.0448,-14.9079,-14.8730,-14.8835,-14.8600,-14.8286,-14.9295,-14.9965,-15.2334,-15.4543,-15.6275,-15.8130,-16.2439,-17.1374,-17.7317,-17.2394,-17.3590,-17.6128,-18.4034,-20.1942,-19.3930,-18.6062,-18.8665,-19.8678,-20.4069,-18.9957,-19.1113,-19.0149,-18.2303,-16.5057,-15.1614,-15.9962,-15.4840,-17.6608,-16.8727,-19.8579,-25.9626,-27.9788,-27.5225,-27.0413,-21.8742,-21.1407,-20.6624,-18.1618,-17.3650,-17.9579,-18.9365,-19.1332,-19.2402,-19.3405,-19.2935,-19.2450,-18.9249,-18.5088,-18.2180,-17.8702,-17.2842,-16.8491,-16.5124,-16.1883,-16.0583,-15.9652,-15.7343,-15.3754,-15.0475,-14.3516,-13.9298,-13.3819,-12.9972,-12.9283,-12.9847,-13.8056,-13.9010,-13.8353,-13.9976,-14.2195,-14.5657,-14.8379,-15.1032,-15.2528,-15.5450,-15.6121,-15.9060,-16.2559,-16.5201,-16.8687,-17.1818,-17.3817,-17.4077,-17.7085,-18.1911,-18.5179,-18.5452,-18.7655,-19.0353,-19.5025,-19.7433,-19.7973,-19.9592,-19.9467,-20.1546,-20.0167,-19.4721,-19.3126,-20.6988,-21.3714,-22.0936,-21.6498,-20.4207,-20.9435,-22.8709,-25.7295,-26.1292,-27.0394,-24.1601,-23.2312,-22.9256,-19.0313,-17.4453,-16.7149,-16.1502,-15.7335,-15.3620,-14.9365,-14.3723,-14.0192,-13.7101,-13.2413,-13.0271,-12.8469,-12.4115,-12.2901,-12.4085,-12.3855,-12.3485,-12.3882,-12.4438,-12.5682,-12.6365,-12.8074,-12.8892,-12.9205,-13.0943,-13.3890,-13.3947,-13.1807,-1.2046,0.5161,0.0000,0.0000,0.0000,0.0000,0.0000,0.0000,0.0000,0.0000
0.0000,0.0000,0.0000,0.0000,0.0000,0.0000,0.0000,0.0000,-29.3097,-33.5690,-30.2819,-30.3219,-30.6062,-30.3615,-30.4903,-31.0022,-31.6045,-32.0895,-32.8274,-33.3974,-33.8359,-34.3257,-34.8200,-35.2164,-35.5175,-35.6985,-35.6198,-35.5797,-35.2407,-34.7621,-34.5748,-34.3921,-33.9663,-33.5007,-32.9029,-31.9929,-31.0695,-30.4367,-29.9098,-29.2285,-28.2805,-27.4026,-26.5331,-25.8247,-25.2717,-24.7068,-24.2129,-23.7464,-23.2431,-22.5563,-21.8665,-21.4632,-20.9983,-20.5479,-20.2682,-19.9760,-19.6077,-19.1961,-18.8385,-18.5009,-18.0920,-17.5741,-17.0796,-16.9096,-17.1933,-16.8317,-14.8700,-12.3068,-8.6774,-2.1356,1.1998,-5.3083,-14.4731,-16.9328,-12.0302,-3.4833,3.8153,0.3532,-14.4625,-26.0805,-30.1871,-31.6097,-31.6755,-31.8278,-32.0804,-30.7021,-29.9295,-29.9637,-29.2556,-29.2739,-28.0936,-26.1609,-24.6517,-22.6659,-21.0235,-19.7526,-18.7727,-18.0060,-17.4740,-17.2019,-16.8531,-16.5106,-16.4305,-16.1997,-15.8264,-15.7260,-15.6870,-15.0586,-14.2955,-13.9806,-13.5444,-13.1167,-12.8971,-12.4855,-12.0948,-12.0420,-11.9188,-11.9017,-12.0428,-12.1583,-12.3933,-12.6431,-12.8318,-13.1124,-13.4274,-13.7143,-13.8546,-13.7342,-13.4909,-13.5160,-13.5065,-13.2432,-13.0034,-12.4873,-11.9128,-12.1527,-12.9933,-14.4534,-16.0282,-15.0365,-14.6523,-19.6987,-26.3134,-28.7349,-28.2398,-26.6720,-25.7535,-26.6477,-28.1883,-27.8498,-29.0998,-27.5634,-28.7283,-26.3711,-23.5049,-19.9149,-15.5620,-13.7067,-12.6229,-12.0179,-11.2911,-11.2381,-11.3563,-11.0252,-10.7264,-10.6628,-10.4394,-10.3448,-10.3277,-9.8002,-9.3412,-8.9080,-8.5535,-8.4990,-8.8163,-9.0392,-9.3515,-9.3835,-9.5045,-9.6363,-9.6055,-9.5407,-9.8236,-10.1276,-10.4928,-10.9390,-11.3591,-11.7569,-11.9733,-12.1290,-12.1919,-12.2699,-12.5623,-12.8957,-12.6653,-11.8073,-11.3217,-12.6530,-12.9404,-12.9441,-12.1643,-8.9060,-11.6049,-13.2032,-13.2722,-12.1123,-11.3078,-13.8947,-13.3260,-13.8180,-17.0285,-23.3410,-28.8830,-25.7657,-26.1019,-25.9256,-24.6462,-13.3993,12.4009,23.0867,22.0461,7.8984,-12.2178,-11.0081,-9.9004,-16.2495,-16.8427,-12.4512,-9.4141,-8.3316,-6.7930,-6.2291,-5.1751,-4.9641,-4.6785,-4.4332,-3.9380,-3.2065,-3.4369,-3.2173,-3.3244,-4.0746,-4.9636,-5.8737,-7.3335,-8.7635,-10.1673,-11.5142,-12.3192,-12.5672,-12.7957,-12.4036,-11.8905,-10.9339,-11.2157,-11.8501,-12.0737,-12.3285,-12.4699,-12.8338,-12.9841,-13.2166,-13.5644,-13.8027,-13.7599,-13.5801,-13.7993,-13.5704,-13.8374,-13.9060,-14.0149,-13.9929,-13.8242,-13.6478,-13.9300,-14.0322,-13.8605,-13.8054,-13.8555,-13.8618,-14.1190,-13.9500,-13.6828,-14.1597,-15.1123,-16.2709,-11.5295,-4.1522,-5.1882,-8.7306,-12.3266,-8.8406,-1.5189,22.4692,26.3577,17.2949,4.5334,13.5293,15.5070,1.2885,-2.3594,-1.9878,-1.6316,-1.3207,-1.2756,-1.2227,-1.7983,-2.0680,-2.9569,-4.1272,-4.9107,-5.9758,-7.1574,-8.1918,-8.9696,-9.7427,-10.5658,-11.6670,-12.4122,-13.2664,-14.1556,-14.8890,-15.4098,-16.0109,-16.6549,-16.8136,-18.0437,-19.2726,-4.8565,0.0000,0.0000,0.0000,0.0000,0.0000,0.0000,0.0000,0.0000,0.0000
